t; x; y; theta
1762153.587000; 0.00; 0.00; -48.94
1776503.535000; 0.00; 0.00; -48.94
1794339.757000; 0.00; 0.00; -48.94
1808907.674000; 0.00; 0.00; -48.94
1824481.435000; 0.00; 0.00; -48.94
1841925.063000; 0.00; 0.00; -48.94
1856497.407000; 0.00; 0.00; -48.94
1874331.906000; 0.00; 0.00; -48.94
1888837.421000; 0.00; 0.00; -48.94
1904526.487000; 0.00; 0.00; -48.94
1920442.912000; 0.00; 0.00; -48.94
1938387.162000; 0.00; 0.00; -48.94
1952488.645000; 0.00; 0.00; -48.94
1968532.431000; 0.00; 0.00; -48.94
1985531.400000; 0.00; 0.00; -48.94
2000531.014000; 0.00; 0.00; -48.94
2016471.926000; 0.00; 0.00; -48.94
2032489.154000; 0.00; 0.00; -48.94
2051534.353000; 0.00; 0.00; -48.94
2065586.966000; 0.00; 0.00; -48.94
2080510.330000; 0.00; 0.00; -48.94
2098205.890000; 0.00; 0.00; -48.94
2112430.637000; 0.00; 0.00; -48.94
2128563.085000; 0.00; 0.00; -48.94
2146237.958000; 0.00; 0.00; -48.94
2163069.530000; 0.00; 0.00; -48.94
2176934.101000; 0.00; 0.00; -48.94
2194485.622000; 0.00; 0.00; -48.94
2208508.278000; 0.00; 0.00; -48.94
2224598.342000; 0.00; 0.00; -48.94
2243232.268000; 0.00; 0.00; -48.94
2257795.289000; 0.00; 0.00; -48.94
2272564.365000; 0.00; 0.00; -48.94
2288523.842000; 0.00; 0.00; -48.94
2305684.445000; 0.00; 0.00; -48.94
2320495.058000; 0.00; 0.00; -48.94
2337586.925000; 0.00; 0.00; -48.94
2352626.621000; 0.00; 0.00; -48.94
2369986.530000; 0.00; 0.00; -48.94
2384619.898000; 0.00; 0.00; -48.94
2401932.700000; 0.00; 0.00; -48.94
2418466.732000; 0.00; 0.00; -48.94
2432529.280000; 0.00; 0.00; -48.94
2448812.360000; 0.00; 0.00; -48.94
2464493.413000; 0.00; 0.00; -48.94
2481339.304000; 0.00; 0.00; -48.94
2498447.953000; 0.00; 0.00; -48.94
2512653.608000; 0.00; 0.00; -48.94
2529877.289000; 0.00; 0.00; -48.94
2544769.662000; 0.00; 0.00; -48.94
2563378.144000; 0.00; 0.00; -48.94
2576505.873000; 0.00; 0.00; -48.94
2595465.584000; 0.00; 0.00; -48.94
2608472.807000; 0.00; 0.00; -48.94
2625586.671000; 0.00; 0.00; -48.94
2640507.757000; 0.00; 0.00; -48.94
2657716.596000; 0.00; 0.00; -48.94
2675134.369000; 0.00; 0.00; -48.94
2688638.949000; 0.00; 0.00; -48.94
2704468.137000; 0.00; 0.00; -48.94
2722282.659000; 0.00; 0.00; -48.94
2736600.229000; 0.00; 0.00; -48.94
2752881.018000; 0.00; 0.00; -48.94
2770236.119000; 0.00; 0.00; -48.94
2784893.868000; 0.00; 0.00; -48.94
2800600.167000; 0.00; 0.00; -48.94
2816503.667000; 0.00; 0.00; -48.94
2832481.231000; 0.00; 0.00; -48.94
2851277.771000; 0.00; 0.00; -48.94
2864504.415000; 0.00; 0.00; -48.94
2882849.295000; 0.00; 0.00; -48.94
2896929.154000; 0.00; 0.00; -48.94
2913914.477000; 0.00; 0.00; -48.94
2928551.909000; 0.00; 0.00; -48.94
2945556.265000; 0.00; 0.00; -48.94
2960885.840000; 0.00; 0.00; -48.94
2977164.007000; 0.00; 0.00; -48.94
2993620.453000; 0.00; 0.00; -48.94
3008478.306000; 0.00; 0.00; -48.94
3026106.667000; 0.00; 0.00; -48.94
3040523.477000; 0.00; 0.00; -48.94
3057753.802000; 0.00; 0.00; -48.94
3074760.581000; 0.00; 0.00; -48.94
3089392.739000; 0.00; 0.00; -48.94
3105220.092000; 0.00; 0.00; -48.94
3121999.286000; 0.00; 0.00; -48.94
3136906.576000; 0.00; 0.00; -48.94
3153990.212000; 0.00; 0.00; -48.94
3168530.200000; 0.00; 0.00; -48.94
3186368.458000; 0.00; 0.00; -48.94
3200474.323000; 0.00; 0.00; -48.94
3216662.384000; 0.00; 0.00; -48.94
3233648.880000; 0.00; 0.00; -48.94
3248543.069000; 0.00; 0.00; -48.94
3264507.570000; 0.00; 0.00; -48.94
3281866.039000; 0.00; 0.00; -48.94
3297677.302000; 0.00; 0.00; -48.94
3312945.066000; 0.00; 0.00; -48.94
3328716.468000; 0.00; 0.00; -48.94
3346511.294000; 0.00; 0.00; -48.94
3363719.191000; 0.00; 0.00; -48.94
3377222.051000; 0.00; 0.00; -48.94
3394006.276000; 0.00; 0.00; -48.94
3409584.539000; 0.00; 0.00; -48.94
3424513.196000; 0.00; 0.00; -48.94
3442005.479000; 0.00; 0.00; -48.94
3456714.081000; 0.00; 0.00; -48.94
3472493.148000; 0.00; 0.00; -48.94
3489658.464000; 0.00; 0.00; -48.94
3506346.478000; 0.00; 0.00; -48.94
3520640.290000; 0.00; 0.00; -48.94
3537622.115000; 0.00; 0.00; -48.94
3552522.591000; 0.00; 0.00; -48.94
3568505.906000; 0.00; 0.00; -48.94
3584522.664000; 0.00; 0.00; -48.94
3601527.446000; 0.00; 0.00; -48.94
3616603.047000; 0.00; 0.00; -48.94
3633785.577000; 0.00; 0.00; -48.94
3650392.536000; 0.00; 0.00; -48.94
3664531.851000; 0.00; 0.00; -48.94
3682276.920000; 0.00; 0.00; -48.94
3696662.033000; 0.00; 0.00; -48.94
3729518.399000; 0.00; 0.00; -48.94
3744855.427000; 0.00; 0.00; -48.94
3761083.566000; 0.00; 0.00; -48.94
3776781.412000; 0.00; 0.00; -48.94
3793751.471000; 0.00; 0.00; -48.94
3808898.522000; 0.00; 0.00; -48.94
3824815.825000; 0.00; 0.00; -48.94
3842571.934000; 0.00; 0.00; -48.94
3857714.874000; 0.00; 0.00; -48.94
3872816.759000; 0.00; 0.00; -48.94
3888920.376000; 0.00; 0.00; -48.94
3906443.267000; 0.00; 0.00; -48.94
3920791.773000; 0.00; 0.00; -48.94
3937402.484000; 0.00; 0.00; -48.94
3954382.752000; 0.00; 0.00; -48.94
3970006.921000; 0.00; 0.00; -48.94
3984793.911000; 0.00; 0.00; -48.94
4000809.417000; 0.00; 0.00; -48.94
4017807.738000; 0.00; 0.00; -48.94
4034642.289000; 0.00; 0.00; -48.94
4048823.741000; 0.00; 0.00; -48.94
4066350.790000; 0.00; 0.00; -48.94
4080805.735000; 0.00; 0.00; -48.94
4096792.210000; 0.00; 0.00; -48.94
4114911.478000; 0.00; 0.00; -48.94
4128806.850000; 0.00; 0.00; -48.94
4146366.621000; 0.00; 0.00; -48.94
4161046.487000; 0.00; 0.00; -48.94
4176790.682000; 0.00; 0.00; -48.94
4195154.928000; 0.00; 0.00; -48.94
4208827.888000; 0.00; 0.00; -48.94
4225048.533000; 0.00; 0.00; -48.94
4242585.817000; 0.00; 0.00; -48.94
4256811.809000; 0.00; 0.00; -48.94
4273897.327000; 0.00; 0.00; -48.94
4288938.271000; 0.00; 0.00; -48.94
4307162.508000; 0.00; 0.00; -48.94
4320797.298000; 0.00; 0.00; -48.94
4338361.146000; 0.00; 0.00; -48.94
4352822.519000; 0.00; 0.00; -48.94
4370977.478000; 0.00; 0.00; -48.94
4384980.214000; 0.00; 0.00; -48.94
4401826.966000; 0.00; 0.00; -48.94
4417900.116000; 0.00; 0.00; -48.94
4432821.323000; 0.00; 0.00; -48.94
4449438.901000; 0.00; 0.00; -48.94
4466082.148000; 0.00; 0.00; -48.94
4480826.984000; 0.00; 0.00; -48.94
4496811.105000; 0.00; 0.00; -48.94
4513432.004000; 0.00; 0.00; -48.94
4528803.987000; 0.00; 0.00; -48.94
4547140.076000; 0.00; 0.00; -48.94
4562406.653000; 0.00; 0.00; -48.94
4577410.208000; 0.00; 0.00; -48.94
4592797.654000; 0.00; 0.00; -48.94
4611758.531000; 0.00; 0.00; -48.94
4624799.866000; 0.00; 0.00; -48.94
4641662.016000; 0.00; 0.00; -48.94
4656827.786000; 0.00; 0.00; -48.94
4673171.994000; 0.00; 0.00; -48.94
4690881.073000; 0.00; 0.00; -48.94
4705866.808000; 0.00; 0.00; -48.94
4720800.569000; 0.00; 0.00; -48.94
4737818.331000; 0.00; 0.00; -48.94
4752892.926000; 0.00; 0.00; -48.94
4769263.606000; 0.00; 0.00; -48.94
4786444.921000; 0.00; 0.00; -48.94
4800715.467000; 0.00; 0.00; -48.94
4817965.758000; 0.00; 0.00; -48.94
4832817.033000; 0.00; 0.00; -48.94
4850174.553000; 0.00; 0.00; -48.94
4866222.083000; 0.00; 0.00; -48.94
4880822.426000; 0.00; 0.00; -48.94
4897668.069000; 0.00; 0.00; -48.94
4914788.578000; 0.00; 0.00; -48.94
4929176.395000; 0.00; 0.00; -48.94
4946190.078000; 0.00; 0.00; -48.94
4960933.656000; 0.00; 0.00; -48.94
4977976.528000; 0.00; 0.00; -48.94
4994082.020000; 0.00; 0.00; -48.94
5008804.877000; 0.00; 0.00; -48.94
5025994.498000; 0.00; 0.00; -48.94
5040861.369000; 0.00; 0.00; -48.94
5057837.784000; 0.00; 0.00; -48.94
5073434.667000; 0.00; 0.00; -48.94
5088804.172000; 0.00; 0.00; -48.94
5106059.371000; 0.00; 0.00; -48.94
5120719.314000; 0.00; 0.00; -48.94
5138663.845000; 0.00; 0.00; -48.94
5152826.457000; 0.00; 0.00; -48.94
5169023.887000; 0.00; 0.00; -48.94
5184808.882000; 0.00; 0.00; -48.94
5201639.277000; 0.00; 0.00; -48.94
5219591.480000; 0.00; 0.00; -48.94
5233321.694000; 0.00; 0.00; -48.94
5250913.731000; 0.00; 0.00; -48.94
5266005.468000; 0.00; 0.00; -48.94
5281749.536000; 0.00; 0.00; -48.94
5298917.102000; 0.00; 0.00; -48.94
5313281.612000; 0.00; 0.00; -48.94
5330842.856000; 0.00; 0.00; -48.94
5345053.984000; 0.00; 0.00; -48.94
5363021.178000; 0.00; 0.00; -48.94
5377165.891000; 0.00; 0.00; -48.94
5394984.435000; 0.00; 0.00; -48.94
5409630.844000; 0.00; 0.00; -48.94
5424971.585000; 0.00; 0.00; -48.94
5442647.061000; 0.00; 0.00; -48.94
5457017.004000; 0.00; 0.00; -48.94
5474540.350000; 0.00; 0.00; -48.94
5488814.060000; 0.00; 0.00; -48.94
5505879.953000; 0.00; 0.00; -48.94
5522541.399000; 0.00; 0.00; -48.94
5538275.801000; 0.00; 0.00; -48.94
5552894.218000; 0.00; 0.00; -48.94
5570546.505000; 0.00; 0.00; -48.94
5584833.266000; 0.00; 0.00; -48.94
5601881.562000; 0.00; 0.00; -48.94
5618951.142000; 0.00; 0.00; -48.94
5632823.968000; 0.00; 0.00; -48.94
5649903.893000; 0.00; 0.00; -48.94
5664837.997000; 0.00; 0.00; -48.94
5681012.159000; 0.00; 0.00; -48.94
5696943.400000; 0.00; 0.00; -48.94
5712948.097000; 0.00; 0.00; -48.94
5730684.932000; 0.00; 0.00; -48.94
5745266.484000; 0.00; 0.00; -48.94
5761777.387000; 0.00; 0.00; -48.94
5778628.682000; 0.00; 0.00; -48.94
5792884.680000; 0.00; 0.00; -48.94
5808794.503000; 0.00; 0.00; -48.94
5824788.573000; 0.00; 0.00; -48.94
5840810.128000; 0.00; 0.00; -48.94
5856790.144000; 0.00; 0.00; -48.94
5874321.936000; 0.00; 0.00; -48.94
5890528.909000; 0.00; 0.00; -48.94
5905884.547000; 0.00; 0.00; -48.94
5922868.186000; 0.00; 0.00; -48.94
5937254.527000; 0.00; 0.00; -48.94
5954326.639000; 0.00; 0.00; -48.94
5968917.376000; 0.00; 0.00; -48.94
5985873.690000; 0.00; 0.00; -48.94
6000863.683000; 0.00; 0.00; -48.94
6017695.369000; 0.00; 0.00; -48.94
6032983.413000; 0.00; 0.00; -48.94
6050908.083000; 0.00; 0.00; -48.94
6064825.454000; 0.00; 0.00; -48.94
6080962.651000; 0.00; 0.00; -48.94
6098179.187000; 0.00; 0.00; -48.94
6114824.376000; 0.00; 0.00; -48.94
6129881.812000; 0.00; 0.00; -48.94
6144973.440000; 0.00; 0.00; -48.94
6161347.758000; 0.00; 0.00; -48.94
6176939.704000; 0.00; 0.00; -48.94
6194332.399000; 0.00; 0.00; -48.94
6208802.245000; 0.00; 0.00; -48.94
6224828.530000; 0.00; 0.00; -48.94
6243313.304000; 0.00; 0.00; -48.94
6257054.463000; 0.00; 0.00; -48.94
6274689.947000; 0.00; 0.00; -48.94
6288800.513000; 0.00; 0.00; -48.94
6306172.035000; 0.00; 0.00; -48.94
6320815.240000; 0.00; 0.00; -48.94
6338452.796000; 0.00; 0.00; -48.94
6353544.194000; 0.00; 0.00; -48.94
6371105.488000; 0.00; 0.00; -48.94
6386472.300000; 0.00; 0.00; -48.94
6401459.941000; 0.00; 0.00; -48.94
6418602.752000; 0.00; 0.00; -48.94
6432815.627000; 0.00; 0.00; -48.94
6448840.234000; 0.00; 0.00; -48.94
6466543.352000; 0.00; 0.00; -48.94
6483070.548000; 0.00; 0.00; -48.94
6498732.331000; 0.00; 0.00; -48.94
6512835.073000; 0.00; 0.00; -48.94
6530077.900000; 0.00; 0.00; -48.94
6544950.830000; 0.00; 0.00; -48.94
6561238.007000; 0.00; 0.00; -48.94
6577119.746000; 0.00; 0.00; -48.94
6594969.102000; 0.00; 0.00; -48.94
6608941.281000; 0.00; 0.00; -48.94
6627154.084000; 0.00; 0.00; -48.94
6640805.297000; 0.00; 0.00; -48.94
6658113.557000; 0.00; 0.00; -48.94
6672818.748000; 0.00; 0.00; -48.94
6690517.475000; 0.00; 0.00; -48.94
6706004.696000; 0.00; 0.00; -48.94
6722735.967000; 0.00; 0.00; -48.94
6737636.767000; 0.00; 0.00; -48.94
6752849.963000; 0.00; 0.00; -48.94
6769765.816000; 0.00; 0.00; -48.94
6786774.721000; 0.00; 0.00; -48.94
6801036.455000; 0.00; 0.00; -48.94
6816810.742000; 0.00; 0.00; -48.94
6833885.087000; 0.00; 0.00; -48.94
6848835.256000; 0.00; 0.00; -48.94
6864812.242000; 0.00; 0.00; -48.94
6882882.430000; 0.00; 0.00; -48.94
6896812.960000; 0.00; 0.00; -48.94
6914137.650000; 0.00; 0.00; -48.94
6930235.109000; 0.00; 0.00; -48.94
6944825.459000; 0.00; 0.00; -48.94
6960871.292000; 0.00; 0.00; -48.94
6977243.827000; 0.00; 0.00; -48.94
6993155.552000; 0.00; 0.00; -48.94
7008811.625000; 0.00; 0.00; -48.94
7027227.245000; 0.00; 0.00; -48.94
7040902.969000; 0.00; 0.00; -48.94
7057983.643000; 0.00; 0.00; -48.94
7074937.236000; 0.00; 0.00; -48.94
7089017.354000; 0.00; 0.00; -48.94
7106581.054000; 0.00; 0.00; -48.94
7120924.204000; 0.00; 0.00; -48.94
7138175.676000; 0.00; 0.00; -48.94
7152843.969000; 0.00; 0.00; -48.94
7169989.111000; 0.00; 0.00; -48.94
7185071.612000; 0.00; 0.00; -48.94
7200794.814000; 0.00; 0.00; -48.94
7218439.662000; 0.00; 0.00; -48.94
7232800.144000; 0.00; 0.00; -48.94
7249648.312000; 0.00; 0.00; -48.94
7266280.770000; 0.00; 0.00; -48.94
7280809.222000; 0.00; 0.00; -48.94
7298220.303000; 0.00; 0.00; -48.94
7313564.635000; 0.00; 0.00; -48.94
7328829.153000; 0.00; 0.00; -48.94
7345888.876000; 0.00; 0.00; -48.94
7363059.921000; 0.00; 0.00; -48.94
7376988.293000; 0.00; 0.00; -48.94
7394251.839000; 0.00; 0.00; -48.94
7408862.714000; 0.00; 0.00; -48.94
7426297.441000; 0.00; 0.00; -48.94
7440869.068000; 0.00; 0.00; -48.94
7456781.374000; 0.00; 0.00; -48.94
7472809.072000; 0.00; 0.00; -48.94
7490158.067000; 0.00; 0.00; -48.94
7506648.204000; 0.00; 0.00; -48.94
7520863.119000; 0.00; 0.00; -48.94
7538536.928000; 0.00; 0.00; -48.94
7552808.470000; 0.00; 0.00; -48.94
7570195.650000; 0.00; 0.00; -48.94
7585463.426000; 0.00; 0.00; -48.94
7602686.089000; 0.00; 0.00; -48.94
7617222.244000; 0.00; 0.00; -48.94
7632784.427000; 0.00; 0.00; -48.94
7649117.182000; 0.00; 0.00; -48.94
7666075.739000; 0.00; 0.00; -48.94
7680791.002000; 0.00; 0.00; -48.94
7699177.709000; 0.00; 0.00; -48.94
7713218.681000; 0.00; 0.00; -48.94
7730643.354000; 0.00; 0.00; -48.94
7746173.935000; 0.00; 0.00; -48.94
7760878.958000; 0.00; 0.00; -48.94
7776971.491000; 0.00; 0.00; -48.94
7792801.891000; 0.00; 0.00; -48.94
7808810.352000; 0.00; 0.00; -48.94
7826893.966000; 0.00; 0.00; -48.94
7840905.312000; 0.00; 0.00; -48.94
7858022.268000; 0.00; 0.00; -48.94
7872814.657000; 0.00; 0.00; -48.94
7888779.875000; 0.00; 0.00; -48.94
7906505.407000; 0.00; 0.00; -48.94
7920797.786000; 0.00; 0.00; -48.94
7938123.484000; 0.00; 0.00; -48.94
7952836.457000; 0.00; 0.00; -48.94
7968827.056000; 0.00; 0.00; -48.94
7986354.371000; 0.00; 0.00; -48.94
8000812.215000; 0.00; 0.00; -48.94
8016725.637000; 0.00; 0.00; -48.94
8034827.911000; 0.00; 0.00; -48.94
8049612.623000; 0.00; 0.00; -48.94
8064882.830000; 0.00; 0.00; -48.94
8081921.469000; 0.00; 0.00; -48.94
8098710.252000; 0.00; 0.00; -48.94
8112828.841000; 0.00; 0.00; -48.94
8130220.778000; 0.00; 0.00; -48.94
8144871.168000; 0.00; 0.00; -48.94
8161550.682000; 0.00; 0.00; -48.94
8177004.225000; 0.00; 0.00; -48.94
8192835.614000; 0.00; 0.00; -48.94
8208814.577000; 0.00; 0.00; -48.94
8224796.398000; 0.00; 0.00; -48.94
8240990.933000; 0.00; 0.00; -48.94
8256834.811000; 0.00; 0.00; -48.94
8274267.837000; 0.00; 0.00; -48.94
8288828.299000; 0.00; 0.00; -48.94
8305908.235000; 0.00; 0.00; -48.94
8320806.549000; 0.00; 0.00; -48.94
8337891.410000; 0.00; 0.00; -48.94
8353742.286000; 0.00; 0.00; -48.94
8369486.891000; 0.00; 0.00; -48.94
8385944.279000; 0.00; 0.00; -48.94
8400822.166000; 0.00; 0.00; -48.94
8417891.292000; 0.00; 0.00; -48.94
8432814.138000; 0.00; 0.00; -48.94
8449072.555000; 0.00; 0.00; -48.94
8466326.020000; 0.00; 0.00; -48.94
8480804.835000; 0.00; 0.00; -48.94
8496812.201000; 0.00; 0.00; -48.94
8514580.673000; 0.00; 0.00; -48.94
8528783.542000; 0.00; 0.00; -48.94
8545807.001000; 0.00; 0.00; -48.94
8561024.943000; 0.00; 0.00; -48.94
8578395.507000; 0.00; 0.00; -48.94
8593014.713000; 0.00; 0.00; -48.94
8609766.486000; 0.00; 0.00; -48.94
8624889.374000; 0.00; 0.00; -48.94
8640782.203000; 0.00; 0.00; -48.94
8657910.764000; 0.00; 0.00; -48.94
8672806.852000; 0.00; 0.00; -48.94
8688812.388000; 0.00; 0.00; -48.94
8705581.070000; 0.00; 0.00; -48.23
8720802.506000; 0.00; 0.00; -46.72
8736814.128000; 0.00; 0.00; -45.04
8753978.302000; 0.00; 0.00; -43.20
8768838.840000; 0.00; 0.00; -41.73
8784805.748000; 0.00; 0.00; -40.07
8801502.342000; 0.00; 0.00; -38.27
8818798.217000; 0.00; 0.00; -36.47
8832825.948000; 0.00; 0.00; -35.02
8849820.580000; 0.00; 0.00; -33.25
8866887.203000; 0.00; 0.00; -31.48
8882152.452000; 0.00; 0.00; -29.89
8896815.965000; 0.00; 0.00; -28.47
8914268.855000; 0.00; 0.00; -26.56
8928998.038000; 0.00; 0.00; -25.10
8946393.332000; 0.00; 0.00; -23.22
8965099.823000; 0.00; 0.00; -21.56
8978087.711000; 0.00; 0.00; -19.93
8992873.509000; 0.00; 0.00; -18.50
9010837.838000; 0.00; 0.00; -16.63
9024801.667000; 0.00; 0.00; -15.13
9042457.072000; 0.00; 0.00; -13.24
9057166.017000; 0.00; 0.00; -11.72
9072820.679000; 0.00; 0.00; -10.17
9088881.205000; 0.00; 0.00; -8.52
9104802.469000; 0.00; 0.00; -6.93
9120803.930000; 0.00; 0.00; -5.16
9138379.721000; 0.00; 0.00; -3.28
9152784.413000; 0.00; 0.00; -1.85
9169545.949000; 0.00; 0.00; -0.05
9186596.410000; 0.00; 0.00; 1.72
9201139.787000; 0.00; 0.00; 3.24
9218480.544000; 0.00; 0.00; 5.04
9234531.368000; 0.00; 0.00; 6.70
9248799.292000; 0.00; 0.00; 8.14
9266517.173000; 0.00; 0.00; 10.02
9280757.793000; 0.00; 0.00; 11.45
9297575.428000; 0.00; 0.00; 13.25
9312953.121000; 0.00; 0.00; 14.74
9328817.867000; 0.00; 0.00; 16.49
9344955.822000; 0.00; 0.00; 18.17
9362675.210000; 0.00; 0.00; 19.94
9378204.363000; 0.00; 0.00; 21.62
9393597.579000; 0.00; 0.00; 23.12
9409077.315000; 0.00; 0.00; 24.83
9426873.722000; 0.00; 0.00; 26.68
9441331.025000; 0.00; 0.00; 28.18
9457197.687000; 0.00; 0.00; 29.67
9473118.235000; 0.00; 0.00; 31.48
9489890.684000; 0.00; 0.00; 33.22
9504803.552000; 0.00; 0.00; 34.68
9520803.145000; 0.00; 0.00; 36.38
9537962.865000; 0.00; 0.00; 38.21
9554977.182000; 0.00; 0.00; 39.98
9569776.338000; 0.00; 0.00; 41.51
9586728.101000; 0.00; 0.00; 43.28
9600845.198000; 0.00; 0.00; 44.74
9617851.162000; 0.00; 0.00; 46.52
9633528.240000; 0.00; 0.00; 48.14
9650636.795000; 0.00; 0.00; 49.91
9665169.556000; 0.00; 0.00; 51.42
9682679.698000; 0.00; 0.00; 53.24
9697160.646000; 0.00; 0.00; 54.66
9713127.069000; 0.00; 0.00; 55.04
9730728.313000; 0.00; 0.00; 55.09
9745306.712000; 0.00; 0.00; 55.13
9761713.605000; 0.00; 0.00; 55.17
9778795.191000; 0.00; 0.00; 55.22
9792807.757000; 0.00; 0.00; 55.26
9809833.475000; 0.00; 0.00; 55.31
9824862.182000; 0.00; 0.00; 55.35
9842414.186000; 0.00; 0.00; 55.40
9857928.949000; 0.00; 0.00; 55.44
9872809.671000; 0.00; 0.00; 55.48
9890390.955000; 0.00; 0.00; 55.53
9906140.969000; 0.00; 0.00; 55.57
9920807.136000; 0.00; 0.00; 55.61
9938413.410000; 0.00; 0.00; 55.66
9952802.883000; 0.00; 0.00; 55.70
9968909.632000; 0.00; 0.00; 55.75
9986376.907000; 0.00; 0.00; 55.80
10000813.825000; 0.00; 0.00; 55.84
10017436.220000; 0.00; 0.00; 55.88
10034015.246000; 0.00; 0.00; 55.93
10048807.145000; 0.00; 0.00; 55.97
10065656.666000; 0.00; 0.00; 56.02
10080795.535000; 0.00; 0.00; 56.06
10097926.619000; 0.00; 0.00; 56.11
10114576.521000; 0.00; 0.00; 56.15
10129699.046000; 0.00; 0.00; 56.19
10146846.659000; 0.00; 0.00; 56.24
10161959.926000; 0.00; 0.00; 56.28
10177109.105000; 0.00; 0.00; 56.32
10192797.595000; 0.00; 0.00; 56.37
10210057.820000; 0.00; 0.00; 56.42
10226039.123000; 0.00; 0.00; 56.46
10240849.786000; 0.00; 0.00; 56.50
10258808.243000; 0.00; 0.00; 56.55
10273846.326000; 0.00; 0.00; 56.59
10290060.796000; 0.00; 0.00; 56.64
10304813.135000; 0.00; 0.00; 56.68
10321828.836000; 0.00; 0.00; 56.73
10336939.746000; 0.00; 0.00; 56.77
10354568.417000; 0.00; 0.00; 56.82
10368804.896000; 0.00; 0.00; 56.86
10386734.084000; 0.00; 0.00; 56.91
10400796.834000; 0.00; 0.00; 56.95
10417723.331000; 0.00; 0.00; 56.99
10432819.907000; 0.00; 0.00; 57.03
10449708.825000; 0.00; 0.00; 57.08
10466867.902000; 0.00; 0.00; 57.13
10480876.483000; 0.00; 0.00; 57.17
10497178.985000; 0.00; 0.00; 57.21
10514603.891000; 0.00; 0.00; 57.26
10528817.379000; 0.00; 0.00; 57.30
10546305.831000; 0.00; 0.00; 57.35
10561407.296000; 0.00; 0.00; 57.39
10577619.971000; 0.00; 0.00; 57.44
10592836.022000; 0.00; 0.00; 57.48
10608809.476000; 0.00; 0.00; 57.52
10624803.326000; 0.00; 0.00; 57.57
10642734.048000; 0.00; 0.00; 57.62
10656796.743000; 0.00; 0.00; 57.66
10674510.456000; 0.00; 0.00; 57.70
10688808.009000; 0.00; 0.00; 57.75
10704802.638000; 0.00; 0.00; 57.77
10720830.041000; 0.00; 0.00; 57.77
10736818.895000; 0.00; 0.00; 57.77
10754325.977000; 0.00; 0.00; 57.77
10768992.786000; 0.00; 0.00; 57.77
10785777.810000; 0.00; 0.00; 57.77
10803160.597000; 0.00; 0.00; 57.77
10816814.231000; 0.00; 0.00; 57.77
10833346.973000; 0.00; 0.00; 57.77
10850651.526000; 0.00; 0.00; 57.77
10864812.777000; 0.00; 0.00; 57.77
10881641.462000; 0.00; 0.00; 57.77
10898815.717000; 0.00; 0.00; 57.77
10912987.957000; 0.00; 0.00; 57.77
10930019.203000; 0.00; 0.00; 57.77
10945080.997000; 0.00; 0.00; 57.77
10963756.186000; 0.00; 0.00; 57.77
10976998.766000; 0.00; 0.00; 57.77
10995122.657000; 0.00; 0.00; 57.77
11008821.980000; 0.00; 0.00; 57.77
11025030.632000; 0.00; 0.00; 57.77
11041702.356000; 0.00; 0.00; 57.77
11056892.571000; 0.00; 0.00; 57.77
11073893.666000; 0.00; 0.00; 57.77
11088824.477000; 0.00; 0.00; 57.77
11104980.557000; 0.00; 0.00; 57.77
11122981.982000; 0.00; 0.00; 57.77
11136904.523000; 0.00; 0.00; 57.77
11153921.583000; 0.00; 0.00; 57.77
11170741.866000; 0.00; 0.00; 57.77
11184857.154000; 0.00; 0.00; 57.77
11200821.219000; 0.00; 0.00; 57.77
11218084.270000; 0.00; 0.00; 57.77
11232886.832000; 0.00; 0.00; 57.77
11250384.759000; 0.00; 0.00; 57.77
11265973.765000; 0.00; 0.00; 57.77
11280802.434000; 0.00; 0.00; 57.77
11297651.512000; 0.00; 0.00; 57.77
11314734.794000; 0.00; 0.00; 57.77
11328822.287000; 0.00; 0.00; 57.77
11344920.873000; 0.00; 0.00; 57.77
11362132.964000; 0.00; 0.00; 57.77
11376994.734000; 0.00; 0.00; 57.77
11394778.277000; 0.00; 0.00; 57.77
11410002.544000; 0.00; 0.00; 57.77
11424784.145000; 0.00; 0.00; 57.77
11440822.667000; 0.00; 0.00; 57.77
11456814.356000; 0.00; 0.00; 57.77
11472906.959000; 0.00; 0.00; 57.77
11489912.148000; 0.00; 0.00; 57.77
11505078.926000; 0.00; 0.00; 57.77
11520806.970000; 0.00; 0.00; 57.77
11538387.149000; 0.00; 0.00; 57.77
11552816.084000; 0.00; 0.00; 57.77
11570062.201000; 0.00; 0.00; 57.77
11584850.634000; 0.00; 0.00; 57.77
11601837.549000; 0.00; 0.00; 57.77
11618911.493000; 0.00; 0.00; 57.77
11632805.289000; 0.00; 0.00; 57.77
11649904.607000; 0.00; 0.00; 57.77
11664815.906000; 0.00; 0.00; 57.77
11682584.959000; 0.00; 0.00; 57.77
11696817.981000; 0.00; 0.00; 57.77
11712780.350000; 0.00; 0.00; 57.77
11729767.630000; 0.00; 0.00; 57.77
11746753.854000; 0.00; 0.00; 57.77
11761140.539000; 0.00; 0.00; 57.77
11778320.937000; 0.00; 0.00; 57.77
11792967.351000; 0.00; 0.00; 57.77
11810514.314000; 0.00; 0.00; 57.77
11825668.845000; 0.00; 0.00; 57.77
11840765.918000; 0.00; 0.00; 57.77
11857774.819000; 0.00; 0.00; 57.77
11873204.832000; 0.00; 0.00; 57.77
11890966.321000; 0.00; 0.00; 57.77
11905867.449000; 0.00; 0.00; 57.77
11920791.719000; 0.00; 0.00; 57.77
11937926.722000; 0.00; 0.00; 57.77
11955093.183000; 0.00; 0.00; 57.77
11970925.549000; 0.00; 0.00; 57.77
11984798.210000; 0.00; 0.00; 57.77
12000680.321000; 0.00; 0.00; 57.77
12017757.843000; 0.00; 0.00; 57.77
12034018.030000; 0.00; 0.00; 57.77
12048798.031000; 0.00; 0.00; 57.77
12066204.975000; 0.00; 0.00; 57.77
12080849.028000; 0.00; 0.00; 57.77
12097893.172000; 0.00; 0.00; 57.77
12112825.988000; 0.00; 0.00; 57.77
12130158.382000; 0.00; 0.00; 57.77
12144883.869000; 0.00; 0.00; 57.77
12161944.903000; 0.00; 0.00; 57.77
12178841.566000; 0.00; 0.00; 57.77
12192976.620000; 0.00; 0.00; 57.77
12210989.772000; 0.00; 0.00; 57.77
12225779.899000; 0.00; 0.00; 57.77
12243408.632000; 0.00; 0.00; 57.77
12256838.514000; 0.00; 0.00; 57.77
12272996.769000; 0.00; 0.00; 57.77
12290429.739000; 0.00; 0.00; 57.77
12306199.039000; 0.00; 0.00; 57.77
12320936.199000; 0.00; 0.00; 57.77
12338262.468000; 0.00; 0.00; 57.77
12352931.824000; 0.00; 0.00; 57.77
12368806.233000; 0.00; 0.00; 57.77
12384824.052000; 0.00; 0.00; 57.77
12402189.543000; 0.00; 0.00; 57.77
12416794.533000; 0.00; 0.00; 57.77
12433989.526000; 0.00; 0.00; 57.77
12449890.941000; 0.00; 0.00; 57.77
12464816.761000; 0.00; 0.00; 57.77
12481155.630000; 0.00; 0.00; 57.77
12498484.992000; 0.00; 0.00; 57.77
12512796.492000; 0.00; 0.00; 57.77
12528812.294000; 0.00; 0.00; 57.77
12546234.239000; 0.00; 0.00; 57.77
12561431.104000; 0.00; 0.00; 57.77
12577081.954000; 0.00; 0.00; 57.77
12594044.661000; 0.00; 0.00; 57.77
12608719.424000; 0.00; 0.00; 57.77
12625452.443000; 0.00; 0.00; 57.77
12640951.492000; 0.00; 0.00; 57.77
12658814.745000; 0.00; 0.00; 57.77
12672822.290000; 0.00; 0.00; 57.77
12688850.371000; 0.00; 0.00; 57.77
12704778.189000; 0.00; 0.00; 57.77
12720797.746000; 0.00; 0.00; 57.77
12736813.770000; 0.00; 0.00; 57.77
12752810.867000; 0.00; 0.00; 57.77
12770627.048000; 0.00; 0.00; 57.77
12784903.807000; 0.00; 0.00; 57.77
12802468.996000; 0.00; 0.00; 57.77
12816834.953000; 0.00; 0.00; 57.77
12832821.459000; 0.00; 0.00; 57.77
12849137.540000; 0.00; 0.00; 57.77
12866931.936000; 0.00; 0.00; 57.77
12882714.284000; 0.00; 0.00; 57.77
12897279.479000; 0.00; 0.00; 57.77
12914215.416000; 0.00; 0.00; 57.77
12928817.694000; 0.00; 0.00; 57.77
12944762.692000; 0.00; 0.00; 57.77
12964051.505000; 0.00; 0.00; 57.77
12977018.207000; 0.00; 0.00; 57.77
12992861.807000; 0.00; 0.00; 57.77
13009472.158000; 0.00; 0.00; 57.77
13024813.065000; 0.00; 0.00; 57.77
13042587.081000; 0.00; 0.00; 57.77
13056806.138000; 0.00; 0.00; 57.77
13074512.709000; 0.00; 0.00; 57.77
13088789.600000; 0.00; 0.00; 57.77
13106080.368000; 0.00; 0.00; 57.77
13120825.484000; 0.00; 0.00; 57.77
13137922.067000; 0.00; 0.00; 57.77
13154625.774000; 0.00; 0.00; 57.77
13169252.226000; 0.00; 0.00; 57.77
13185674.914000; 0.00; 0.00; 57.77
13202763.045000; 0.00; 0.00; 57.77
13216904.300000; 0.00; 0.00; 57.77
13234045.489000; 0.00; 0.00; 57.77
13248853.457000; 0.00; 0.00; 57.77
13265759.655000; 0.00; 0.00; 57.77
13280673.342000; 0.00; 0.00; 57.77
13297227.912000; 0.00; 0.00; 57.77
13314502.133000; 0.00; 0.00; 57.77
13328799.509000; 0.00; 0.00; 57.77
13345909.478000; 0.00; 0.00; 57.77
13360950.342000; 0.00; 0.00; 57.77
13378030.128000; 0.00; 0.00; 57.77
13393120.096000; 0.00; 0.00; 57.77
13408801.430000; 0.00; 0.00; 57.77
13426315.380000; 0.00; 0.00; 57.77
13440815.115000; 0.00; 0.00; 57.77
13456797.395000; 0.00; 0.00; 57.77
13473923.672000; 0.00; 0.00; 57.77
13488811.885000; 0.00; 0.00; 57.77
13504807.726000; 0.00; 0.00; 57.77
13521709.018000; 0.00; 0.00; 57.77
13538497.686000; 0.00; 0.00; 57.77
13552838.493000; 0.00; 0.00; 57.77
13569629.842000; 0.00; 0.00; 57.77
13584815.351000; 0.00; 0.00; 57.77
13601851.374000; 0.00; 0.00; 57.77
13616816.830000; 0.00; 0.00; 57.77
13634605.154000; 0.00; 0.00; 57.77
13650420.329000; 0.00; 0.00; 57.77
13664789.077000; 0.00; 0.00; 57.77
13680696.024000; 0.00; 0.00; 57.77
13696804.953000; 0.00; 0.00; 57.77
13713267.581000; 0.00; 0.00; 57.77
13729883.890000; 0.00; 0.00; 57.77
13744806.909000; 0.00; 0.00; 57.77
13761867.394000; 0.00; 0.00; 57.77
13779295.950000; 0.00; 0.00; 57.77
13794072.033000; 0.00; 0.00; 57.77
13809953.128000; 0.00; 0.00; 57.77
13824796.892000; 0.00; 0.00; 57.77
13842232.059000; 0.00; 0.00; 57.77
13858870.981000; 0.00; 0.00; 57.77
13874970.124000; 0.00; 0.00; 57.77
13889059.607000; 0.00; 0.00; 57.77
13904739.248000; 0.00; 0.00; 57.77
13923041.566000; 0.00; 0.00; 57.77
13938729.077000; 0.00; 0.00; 57.77
13952806.325000; 0.00; 0.00; 57.77
13968825.022000; 0.00; 0.00; 57.77
13986045.223000; 0.00; 0.00; 57.77
14002863.393000; 0.00; 0.00; 57.77
14016867.752000; 0.00; 0.00; 57.77
14033891.882000; 0.00; 0.00; 57.77
14048858.854000; 0.00; 0.00; 57.77
14064746.510000; 0.00; 0.00; 57.77
14082298.218000; 0.00; 0.00; 57.77
14096824.094000; 0.00; 0.00; 57.77
14112805.112000; 0.00; 0.00; 57.77
14130815.624000; 0.00; 0.00; 57.77
14144985.979000; 0.00; 0.00; 57.77
14162149.787000; 0.00; 0.00; 57.77
14177892.121000; 0.00; 0.00; 57.77
14192835.862000; 0.00; 0.00; 57.77
14210125.585000; 0.00; 0.00; 57.77
14224841.256000; 0.00; 0.00; 57.77
14242713.374000; 0.00; 0.00; 57.77
14257327.970000; 0.00; 0.00; 57.77
14272930.491000; 0.00; 0.00; 57.77
14290174.868000; 0.00; 0.00; 57.77
14305698.115000; 0.00; 0.00; 57.77
14320804.688000; 0.00; 0.00; 57.77
14339151.348000; 0.00; 0.00; 57.77
14352729.757000; 0.00; 0.00; 57.77
14370229.573000; 0.00; 0.00; 57.77
14384850.321000; 0.00; 0.00; 57.77
14401898.589000; 0.00; 0.00; 57.77
14416820.491000; 0.00; 0.00; 57.77
14432803.948000; 0.00; 0.00; 57.77
14450442.114000; 0.00; 0.00; 57.77
14464907.393000; 0.00; 0.00; 57.77
14481990.392000; 0.00; 0.00; 57.77
14496820.614000; 0.00; 0.00; 57.77
14513935.304000; 0.00; 0.00; 57.77
14530710.239000; 0.00; 0.00; 57.77
14545915.118000; 0.00; 0.00; 57.77
14560953.560000; 0.00; 0.00; 57.77
14577133.611000; 0.00; 0.00; 57.77
14592978.324000; 0.00; 0.00; 57.77
14609669.874000; 0.00; 0.00; 57.77
14626843.965000; 0.00; 0.00; 57.77
14641268.694000; 0.00; 0.00; 57.77
14656803.553000; 0.00; 0.00; 57.77
14673747.374000; 0.00; 0.00; 57.77
14688829.126000; 0.00; 0.00; 57.77
14705311.338000; 0.00; 0.00; 57.48
14720814.849000; 0.00; 0.00; 56.88
14737885.341000; 0.00; 0.00; 56.03
14754702.051000; 0.00; 0.00; 55.29
14769864.355000; 0.00; 0.00; 54.62
14787152.813000; 0.00; 0.00; 53.85
14801196.047000; 0.00; 0.00; 53.22
14817436.192000; 0.00; 0.00; 52.50
14834079.413000; 0.00; 0.00; 51.76
14848862.867000; 0.00; 0.00; 51.16
14866076.350000; 0.00; 0.00; 50.35
14880809.853000; 0.00; 0.00; 49.74
14897862.718000; 0.00; 0.00; 48.93
14912804.123000; 0.00; 0.00; 48.32
14929372.023000; 0.00; 0.00; 47.54
14944798.710000; 0.00; 0.00; 46.88
14964933.515000; 0.00; 0.00; 46.08
14979183.409000; 0.00; 0.00; 45.32
14995330.358000; 0.00; 0.00; 44.61
15009513.206000; 0.00; 0.00; 44.04
15024826.981000; 0.00; 0.00; 43.35
15042090.899000; 0.00; 0.00; 42.53
15058361.749000; 0.00; 0.00; 41.81
15074138.775000; 0.00; 0.00; 41.11
15088880.310000; 0.00; 0.00; 40.49
15105887.847000; 0.00; 0.00; 39.70
15121040.873000; 0.00; 0.00; 39.07
15137891.311000; 0.00; 0.00; 38.28
15152811.196000; 0.00; 0.00; 37.68
15170322.868000; 0.00; 0.00; 36.84
15184814.142000; 0.00; 0.00; 36.23
15200819.886000; 0.00; 0.00; 35.51
15216904.615000; 0.00; 0.00; 34.77
15234018.820000; 0.00; 0.00; 34.01
15249971.476000; 0.00; 0.00; 33.30
15264984.231000; 0.00; 0.00; 32.64
15282626.216000; 0.00; 0.00; 31.85
15297219.867000; 0.00; 0.00; 31.25
15314174.457000; 0.00; 0.00; 30.45
15330757.571000; 0.00; 0.00; 29.72
15345136.019000; 0.00; 0.00; 29.08
15363164.720000; 0.00; 0.00; 28.31
15377033.683000; 0.00; 0.00; 27.68
15393202.115000; 0.00; 0.00; 26.95
15408738.045000; 0.00; 0.00; 26.26
15425838.820000; 0.00; 0.00; 25.49
15442636.986000; 0.00; 0.00; 24.75
15456843.076000; 0.00; 0.00; 24.14
15472882.618000; 0.00; 0.00; 23.42
15490367.876000; 0.00; 0.00; 22.63
15505885.199000; 0.00; 0.00; 21.94
15520800.401000; 0.00; 0.00; 21.36
15537936.086000; 0.00; 0.00; 20.52
15552887.572000; 0.00; 0.00; 19.91
15570988.444000; 0.00; 0.00; 19.10
15585192.656000; 0.00; 0.00; 18.42
15601887.415000; 0.00; 0.00; 17.68
15619537.686000; 0.00; 0.00; 16.93
15633125.398000; 0.00; 0.00; 16.29
15650195.998000; 0.00; 0.00; 15.53
15664808.083000; 0.00; 0.00; 14.90
15682817.126000; 0.00; 0.00; 14.09
15697969.820000; 0.00; 0.00; 13.41
15714723.676000; 0.00; 0.00; 13.29
15728805.810000; 0.00; 0.00; 13.28
15745792.156000; 0.00; 0.00; 13.27
15761620.596000; 0.00; 0.00; 13.26
15778021.422000; 0.00; 0.00; 13.24
15794333.692000; 0.00; 0.00; 13.23
15810960.768000; 0.00; 0.00; 13.22
15824833.181000; 0.00; 0.00; 13.21
15840917.015000; 0.00; 0.00; 13.19
15856826.652000; 0.00; 0.00; 13.18
15873593.384000; 0.00; 0.00; 13.17
15888808.978000; 0.00; 0.00; 13.16
15905660.432000; 0.00; 0.00; 13.14
15922888.297000; 0.00; 0.00; 13.13
15936878.600000; 0.00; 0.00; 13.12
15953104.451000; 0.00; 0.00; 13.10
15968816.427000; 0.00; 0.00; 13.09
15985757.726000; 0.00; 0.00; 13.08
16001720.473000; 0.00; 0.00; 13.07
16016838.080000; 0.00; 0.00; 13.05
16032861.086000; 0.00; 0.00; 13.04
16050539.866000; 0.00; 0.00; 13.03
16064810.967000; 0.00; 0.00; 13.02
16080787.761000; 0.00; 0.00; 13.00
16099078.322000; 0.00; 0.00; 12.99
16113385.567000; 0.00; 0.00; 12.98
16130009.005000; 0.00; 0.00; 12.96
16144800.108000; 0.00; 0.00; 12.95
16160859.601000; 0.00; 0.00; 12.94
16179045.762000; 0.00; 0.00; 12.93
16192991.495000; 0.00; 0.00; 12.91
16210940.252000; 0.00; 0.00; 12.90
16225027.013000; 0.00; 0.00; 12.89
16240819.225000; 0.00; 0.00; 12.88
16258842.708000; 0.00; 0.00; 12.86
16272787.986000; 0.00; 0.00; 12.85
16288875.857000; 0.00; 0.00; 12.84
16305738.187000; 0.00; 0.00; 12.82
16322744.653000; 0.00; 0.00; 12.81
16336996.396000; 0.00; 0.00; 12.80
16353568.923000; 0.00; 0.00; 12.79
16369403.880000; 0.00; 0.00; 12.77
16386545.699000; 0.00; 0.00; 12.76
16400802.815000; 0.00; 0.00; 12.75
16416790.420000; 0.00; 0.00; 12.74
16434366.798000; 0.00; 0.00; 12.72
16449548.758000; 0.00; 0.00; 12.71
16464791.518000; 0.00; 0.00; 12.70
16480835.524000; 0.00; 0.00; 12.69
16497927.200000; 0.00; 0.00; 12.67
16512806.993000; 0.00; 0.00; 12.66
16530796.739000; 0.00; 0.00; 12.65
16545022.593000; 0.00; 0.00; 12.64
16562084.449000; 0.00; 0.00; 12.62
16579466.299000; 0.00; 0.00; 12.61
16593952.451000; 0.00; 0.00; 12.60
16608974.896000; 0.00; 0.00; 12.59
16626693.860000; 0.00; 0.00; 12.57
16640786.381000; 0.00; 0.00; 12.56
16658848.379000; 0.00; 0.00; 12.54
16673550.551000; 0.00; 0.00; 12.53
16690274.645000; 0.00; 0.00; 12.52
16705826.072000; 0.00; 0.00; 12.51
16721135.601000; 0.00; 0.00; 12.51
16738841.704000; 0.00; 0.00; 12.51
16752774.240000; 0.00; 0.00; 12.51
16769811.624000; 0.00; 0.00; 12.51
16786664.097000; 0.00; 0.00; 12.51
16801700.688000; 0.00; 0.00; 12.51
16816913.873000; 0.00; 0.00; 12.51
16832805.939000; 0.00; 0.00; 12.51
16848800.894000; 0.00; 0.00; 12.51
16865786.608000; 0.00; 0.00; 12.51
16882746.512000; 0.00; 0.00; 12.51
16896811.959000; 0.00; 0.00; 12.51
16912798.399000; 0.00; 0.00; 12.51
16929881.186000; 0.00; 0.00; 12.51
16944819.178000; 0.00; 0.00; 12.51
16963946.307000; 0.00; 0.00; 12.51
16977254.253000; 0.00; 0.00; 12.51
16993126.459000; 0.00; 0.00; 12.51
17010537.184000; 0.00; 0.00; 12.51
17024807.871000; 0.00; 0.00; 12.51
17040821.121000; 0.00; 0.00; 12.51
17056820.283000; 0.00; 0.00; 12.51
17078818.081000; 0.00; 0.00; 12.51
17088788.609000; 0.00; 0.00; 12.51
17111938.116000; 0.00; 0.00; 12.51
17121010.344000; 0.00; 0.00; 12.51
17138614.733000; 0.00; 0.00; 12.51
17152813.812000; 0.00; 0.00; 12.51
17169977.576000; 0.00; 0.00; 12.51
17185164.992000; 0.00; 0.00; 12.51
17202437.804000; 0.00; 0.00; 12.51
17217913.885000; 0.00; 0.00; 12.51
17234554.694000; 0.00; 0.00; 12.51
17248829.564000; 0.00; 0.00; 12.51
17265210.806000; 0.00; 0.00; 12.51
17283258.656000; 0.00; 0.00; 12.51
17297616.465000; 0.00; 0.00; 12.51
17312853.985000; 0.00; 0.00; 12.51
17330312.283000; 0.00; 0.00; 12.51
17344815.933000; 0.00; 0.00; 12.51
17362212.254000; 0.00; 0.00; 12.51
17378474.399000; 0.00; 0.00; 12.51
17393057.570000; 0.00; 0.00; 12.51
17410814.244000; 0.00; 0.00; 12.51
17426932.196000; 0.00; 0.00; 12.51
17440864.766000; 0.00; 0.00; 12.51
17456807.667000; 0.00; 0.00; 12.51
17474106.823000; 0.00; 0.00; 12.51
17488850.816000; 0.00; 0.00; 12.51
17506294.686000; 0.00; 0.00; 12.51
17520952.924000; 0.00; 0.00; 12.51
17537463.606000; 0.00; 0.00; 12.51
17552810.923000; 0.00; 0.00; 12.51
17570124.424000; 0.00; 0.00; 12.51
17584841.395000; 0.00; 0.00; 12.51
17601760.943000; 0.00; 0.00; 12.51
17618849.776000; 0.00; 0.00; 12.51
17633920.961000; 0.00; 0.00; 12.51
17650828.258000; 0.00; 0.00; 12.51
17664841.942000; 0.00; 0.00; 12.51
17682841.842000; 0.00; 0.00; 12.51
17696800.823000; 0.00; 0.00; 12.51
17712817.969000; 0.00; 0.00; 12.51
17729999.249000; 0.00; 0.00; 12.51
17744897.763000; 0.00; 0.00; 12.51
17761537.987000; 0.00; 0.00; 12.51
17778912.139000; 0.00; 0.00; 12.51
17793010.907000; 0.00; 0.00; 12.51
17809668.370000; 0.00; 0.00; 12.51
17824919.846000; 0.00; 0.00; 12.51
17842272.638000; 0.00; 0.00; 12.51
17857108.813000; 0.00; 0.00; 12.51
17874704.661000; 0.00; 0.00; 12.51
17890228.396000; 0.00; 0.00; 12.51
17905533.286000; 0.00; 0.00; 12.51
17920801.790000; 0.00; 0.00; 12.51
17938635.696000; 0.00; 0.00; 12.51
17952806.847000; 0.00; 0.00; 12.51
17968902.539000; 0.00; 0.00; 12.51
17986249.231000; 0.00; 0.00; 12.51
18001849.258000; 0.00; 0.00; 12.51
18018824.415000; 0.00; 0.00; 12.51
18033308.930000; 0.00; 0.00; 12.51
18048813.803000; 0.00; 0.00; 12.51
18066151.741000; 0.00; 0.00; 12.51
18083506.449000; 0.00; 0.00; 12.51
18096775.797000; 0.00; 0.00; 12.51
18113267.456000; 0.00; 0.00; 12.51
18130794.247000; 0.00; 0.00; 12.51
18145035.601000; 0.00; 0.00; 12.51
18160814.683000; 0.00; 0.00; 12.51
18177434.639000; 0.00; 0.00; 12.51
18195372.763000; 0.00; 0.00; 12.51
18209176.680000; 0.00; 0.00; 12.51
18225397.122000; 0.00; 0.00; 12.51
18240786.667000; 0.00; 0.00; 12.51
18258767.501000; 0.00; 0.00; 12.51
18273463.439000; 0.00; 0.00; 12.51
18288820.205000; 0.00; 0.00; 12.51
18304806.587000; 0.00; 0.00; 12.51
18323038.175000; 0.00; 0.00; 12.51
18337152.901000; 0.00; 0.00; 12.51
18354114.332000; 0.00; 0.00; 12.51
18368940.123000; 0.00; 0.00; 12.51
18386110.879000; 0.00; 0.00; 12.51
18401930.988000; 0.00; 0.00; 12.51
18417489.276000; 0.00; 0.00; 12.51
18434445.422000; 0.00; 0.00; 12.51
18449068.713000; 0.00; 0.00; 12.51
18466673.556000; 0.00; 0.00; 12.51
18480813.439000; 0.00; 0.00; 12.51
18497667.837000; 0.00; 0.00; 12.51
18514925.397000; 0.00; 0.00; 12.51
18529634.074000; 0.00; 0.00; 12.51
18544823.480000; 0.00; 0.00; 12.51
18561863.111000; 0.00; 0.00; 12.51
18578595.218000; 0.00; 0.00; 12.51
18592820.516000; 0.00; 0.00; 12.51
18609795.685000; 0.00; 0.00; 12.51
18626039.854000; 0.00; 0.00; 12.51
18640813.400000; 0.00; 0.00; 12.51
18656788.019000; 0.00; 0.00; 12.51
18674271.926000; 0.00; 0.00; 12.51
18688841.901000; 0.00; 0.00; 12.51
18704777.225000; 0.00; 0.00; 12.51
18721805.810000; 0.00; 0.00; 12.51
18736784.964000; 0.00; 0.00; 12.51
18753910.023000; 0.00; 0.00; 12.51
18768962.460000; 0.00; 0.00; 12.51
18786304.825000; 0.00; 0.00; 12.51
18800794.136000; 0.00; 0.00; 12.51
18817594.209000; 0.00; 0.00; 12.51
18834510.085000; 0.00; 0.00; 12.51
18848912.582000; 0.00; 0.00; 12.51
18864796.288000; 0.00; 0.00; 12.51
18880702.314000; 0.00; 0.00; 12.51
18898093.402000; 0.00; 0.00; 12.51
18914362.219000; 0.00; 0.00; 12.51
18928825.478000; 0.00; 0.00; 12.51
18945272.728000; 0.00; 0.00; 12.51
18964685.335000; 0.00; 0.00; 12.51
18976987.670000; 0.00; 0.00; 12.51
18993231.510000; 0.00; 0.00; 12.51
19010191.264000; 0.00; 0.00; 12.51
19024817.016000; 0.00; 0.00; 12.51
19042012.422000; 0.00; 0.00; 12.51
19057087.627000; 0.00; 0.00; 12.51
19072854.322000; 0.00; 0.00; 12.51
19089925.942000; 0.00; 0.00; 12.51
19104807.547000; 0.00; 0.00; 12.51
19122225.269000; 0.00; 0.00; 12.51
19136897.074000; 0.00; 0.00; 12.51
19154117.897000; 0.00; 0.00; 12.51
19168817.550000; 0.00; 0.00; 12.51
19185697.518000; 0.00; 0.00; 12.51
19200939.205000; 0.00; 0.00; 12.51
19216953.796000; 0.00; 0.00; 12.51
19234501.651000; 0.00; 0.00; 12.51
19248817.701000; 0.00; 0.00; 12.51
19265594.787000; 0.00; 0.00; 12.51
19282813.137000; 0.00; 0.00; 12.51
19296853.923000; 0.00; 0.00; 12.51
19313908.183000; 0.00; 0.00; 12.51
19328810.664000; 0.00; 0.00; 12.51
19345576.313000; 0.00; 0.00; 12.51
19362826.635000; 0.00; 0.00; 12.51
19376938.922000; 0.00; 0.00; 12.51
19393219.152000; 0.00; 0.00; 12.51
19410381.541000; 0.00; 0.00; 12.51
19426188.414000; 0.00; 0.00; 12.51
19440831.679000; 0.00; 0.00; 12.51
19458631.857000; 0.00; 0.00; 12.51
19472804.958000; 0.00; 0.00; 12.51
19489895.278000; 0.00; 0.00; 12.51
19504814.089000; 0.00; 0.00; 12.51
19521865.746000; 0.00; 0.00; 12.51
19536867.148000; 0.00; 0.00; 12.51
19553239.171000; 0.00; 0.00; 12.51
19570058.776000; 0.00; 0.00; 12.51
19585192.370000; 0.00; 0.00; 12.51
19600808.327000; 0.00; 0.00; 12.51
19618314.830000; 0.00; 0.00; 12.51
19635137.207000; 0.00; 0.00; 12.51
19648804.090000; 0.00; 0.00; 12.51
19664754.202000; 0.00; 0.00; 12.51
19681853.545000; 0.00; 0.00; 12.51
19697085.422000; 0.00; 0.00; 12.51
19714276.922000; 0.00; 0.00; 12.51
19728840.514000; 0.00; 0.00; 12.51
19745859.974000; 0.00; 0.00; 12.51
19760849.378000; 0.00; 0.00; 12.51
19777872.614000; 0.00; 0.00; 12.51
19792709.026000; 0.00; 0.00; 12.51
19809851.904000; 0.00; 0.00; 12.51
19827209.660000; 0.00; 0.00; 12.51
19841563.959000; 0.00; 0.00; 12.51
19856833.383000; 0.00; 0.00; 12.51
19872819.697000; 0.00; 0.00; 12.51
19888804.465000; 0.00; 0.00; 12.51
19905831.961000; 0.00; 0.00; 12.51
19921947.194000; 0.00; 0.00; 12.51
19939500.443000; 0.00; 0.00; 12.51
19952804.733000; 0.00; 0.00; 12.51
19968828.606000; 0.00; 0.00; 12.51
19985939.302000; 0.00; 0.00; 12.51
20000814.157000; 0.00; 0.00; 12.51
20017703.914000; 0.00; 0.00; 12.51
20033255.843000; 0.00; 0.00; 12.51
20049744.844000; 0.00; 0.00; 12.51
20066681.026000; 0.00; 0.00; 12.51
20081254.916000; 0.00; 0.00; 12.51
20098688.680000; 0.00; 0.00; 12.51
20113548.726000; 0.00; 0.00; 12.51
20130323.765000; 0.00; 0.00; 12.51
20144778.531000; 0.00; 0.00; 12.51
20162160.631000; 0.00; 0.00; 12.51
20176840.866000; 0.00; 0.00; 12.51
20193500.971000; 0.00; 0.00; 12.51
20208805.017000; 0.00; 0.00; 12.51
20224807.761000; 0.00; 0.00; 12.51
20240853.532000; 0.00; 0.00; 12.51
20256805.627000; 0.00; 0.00; 12.51
20274533.600000; 0.00; 0.00; 12.51
20288831.131000; 0.00; 0.00; 12.51
20304788.437000; 0.00; 0.00; 12.51
20322586.782000; 0.00; 0.00; 12.51
20338572.881000; 0.00; 0.00; 12.51
20353071.216000; 0.00; 0.00; 12.51
20370313.446000; 0.00; 0.00; 12.51
20386271.003000; 0.00; 0.00; 12.51
20400930.606000; 0.00; 0.00; 12.51
20416923.464000; 0.00; 0.00; 12.51
20434282.715000; 0.00; 0.00; 12.51
20450182.193000; 0.00; 0.00; 12.51
20464779.166000; 0.00; 0.00; 12.51
20482434.878000; 0.00; 0.00; 12.51
20496870.268000; 0.00; 0.00; 12.51
20513898.157000; 0.00; 0.00; 12.51
20530583.621000; 0.00; 0.00; 12.51
20544811.674000; 0.00; 0.00; 12.51
20562595.916000; 0.00; 0.00; 12.51
20577292.593000; 0.00; 0.00; 12.51
20594270.167000; 0.00; 0.00; 12.51
20609132.373000; 0.00; 0.00; 12.51
20626423.991000; 0.00; 0.00; 12.51
20640985.901000; 0.00; 0.00; 12.51
20656807.402000; 0.00; 0.00; 12.51
20674147.715000; 0.00; 0.00; 12.51
20690805.252000; 0.00; 0.00; 12.51
20704815.308000; 0.00; 0.00; 12.51
20721949.858000; 0.00; 0.00; 12.51
20739338.909000; 0.00; 0.00; 12.51
20752836.832000; 0.00; 0.00; 12.51
20770421.770000; 0.00; 0.00; 12.51
20785966.601000; 0.00; 0.00; 12.51
20800821.776000; 0.00; 0.00; 12.51
20816823.957000; 0.00; 0.00; 12.51
20834685.892000; 0.00; 0.00; 12.51
20848818.551000; 0.00; 0.00; 12.51
20866008.356000; 0.00; 0.00; 12.51
20880806.025000; 0.00; 0.00; 12.51
20897553.028000; 0.00; 0.00; 12.51
20914740.400000; 0.00; 0.00; 12.51
20928798.540000; 0.00; 0.00; 12.51
20946251.274000; 0.00; 0.00; 12.51
20960799.713000; 0.00; 0.00; 12.51
20978150.474000; 0.00; 0.00; 12.51
20995116.564000; 0.00; 0.00; 12.51
21009137.317000; 0.00; 0.00; 12.51
21026339.414000; 0.00; 0.00; 12.51
21040899.207000; 0.00; 0.00; 12.51
21057844.254000; 0.00; 0.00; 12.51
21073237.440000; 0.00; 0.00; 12.51
21088816.984000; 0.00; 0.00; 12.51
21106689.078000; 0.00; 0.00; 12.51
21121097.005000; 0.00; 0.00; 12.51
21137902.028000; 0.00; 0.00; 12.51
21154538.722000; 0.00; 0.00; 12.51
21168842.945000; 0.00; 0.00; 12.51
21185001.455000; 0.00; 0.00; 12.51
21200828.865000; 0.00; 0.00; 12.51
21218801.116000; 0.00; 0.00; 12.51
21232833.675000; 0.00; 0.00; 12.51
21249332.747000; 0.00; 0.00; 12.51
21264970.391000; 0.00; 0.00; 12.51
21280825.421000; 0.00; 0.00; 12.51
21298764.912000; 0.00; 0.00; 12.51
21312900.718000; 0.00; 0.00; 12.51
21330517.550000; 0.00; 0.00; 12.51
21346478.066000; 0.00; 0.00; 12.51
21362658.966000; 0.00; 0.00; 12.51
21376878.978000; 0.00; 0.00; 12.51
21392720.259000; 0.00; 0.00; 12.51
21410318.282000; 0.00; 0.00; 12.51
21424824.787000; 0.00; 0.00; 12.51
21442254.472000; 0.00; 0.00; 12.51
21456809.270000; 0.00; 0.00; 12.51
21474612.530000; 0.00; 0.00; 12.51
21488875.795000; 0.00; 0.00; 12.51
21504821.679000; 0.00; 0.00; 12.51
21522057.825000; 0.00; 0.00; 12.51
21536816.944000; 0.00; 0.00; 12.51
21553889.212000; 0.00; 0.00; 12.51
21570324.000000; 0.00; 0.00; 12.51
21584829.125000; 0.00; 0.00; 12.51
21602012.899000; 0.00; 0.00; 12.51
21616813.995000; 0.00; 0.00; 12.51
21632801.284000; 0.00; 0.00; 12.51
21650064.889000; 0.00; 0.00; 12.51
21667027.882000; 0.00; 0.00; 12.51
21681113.918000; 0.00; 0.00; 12.51
21698012.350000; 0.00; 0.00; 12.51
21714442.336000; 0.00; 0.00; 10.91
21728886.365000; 0.00; 0.00; 9.26
21745645.773000; 0.00; 0.00; 7.23
21763524.189000; 0.00; 0.00; 5.25
21776836.310000; 0.00; 0.00; 3.65
21794200.543000; 0.00; 0.00; 1.52
21809261.769000; 0.00; 0.00; -0.12
21826831.225000; 0.00; 0.00; -2.32
21840808.443000; 0.00; 0.00; -3.86
21858004.483000; 0.00; 0.00; -6.00
21872760.596000; 0.00; 0.00; -7.73
21890221.986000; 0.00; 0.00; -9.78
21904794.885000; 0.00; 0.00; -11.48
21921395.442000; 0.00; 0.00; -13.46
21938520.946000; 0.00; 0.00; -15.47
21952806.691000; 0.00; 0.00; -17.11
21970738.293000; 0.00; 0.00; -19.24
21986602.656000; 0.00; 0.00; -21.13
22001150.112000; 0.00; 0.00; -22.85
22018647.841000; 0.00; 0.00; -24.90
22033103.678000; 0.00; 0.00; -26.61
22048977.260000; 0.00; 0.00; -28.47
22064828.878000; 0.00; 0.00; -30.13
22082181.391000; 0.00; 0.00; -32.38
22096832.706000; 0.00; 0.00; -33.91
22112860.890000; 0.00; 0.00; -35.90
22129012.549000; 0.00; 0.00; -37.89
22146912.509000; 0.00; 0.00; -40.00
22161445.299000; 0.00; 0.00; -41.72
22178786.414000; 0.00; 0.00; -43.76
22193014.499000; 0.00; 0.00; -45.37
22209061.149000; 0.00; 0.00; -47.22
22224809.768000; 0.00; 0.00; -49.05
22242816.714000; 0.00; 0.00; -51.29
22256799.946000; 0.00; 0.00; -52.85
22274907.691000; 0.00; 0.00; -55.07
22289021.554000; 0.00; 0.00; -56.73
22304802.363000; 0.00; 0.00; -58.53
22321888.189000; 0.00; 0.00; -60.60
22336795.160000; 0.00; 0.00; -62.19
22353468.863000; 0.00; 0.00; -64.32
22369898.213000; 0.00; 0.00; -66.25
22384813.158000; 0.00; 0.00; -68.01
22402587.682000; 0.00; 0.00; -70.10
22418074.171000; 0.00; 0.00; -71.93
22434798.050000; 0.00; 0.00; -73.89
22449232.765000; 0.00; 0.00; -75.60
22466826.083000; 0.00; 0.00; -77.66
22480839.383000; 0.00; 0.00; -79.24
22496829.583000; 0.00; 0.00; -81.16
22514784.637000; 0.00; 0.00; -83.31
22531551.432000; 0.00; 0.00; -85.28
22545378.859000; 0.00; 0.00; -86.92
22563325.074000; 0.00; 0.00; -88.93
22578477.941000; 0.00; 0.00; -90.81
22593129.260000; 0.00; 0.00; -92.50
22611060.736000; 0.00; 0.00; -94.54
22624943.099000; 0.00; 0.00; -96.28
22642735.106000; 0.00; 0.00; -98.37
22657030.113000; 0.00; 0.00; -100.06
22672811.893000; 0.00; 0.00; -101.90
22688948.853000; 0.00; 0.00; -103.81
22704781.367000; 0.00; 0.00; -104.71
22720837.881000; 0.00; 0.00; -104.77
22737887.979000; 0.00; 0.00; -104.84
22753643.507000; 0.00; 0.00; -104.89
22768807.622000; 0.00; 0.00; -104.94
22784825.595000; 0.00; 0.00; -105.00
22802127.644000; 0.00; 0.00; -105.06
22819122.726000; 0.00; 0.00; -105.13
22834901.768000; 0.00; 0.00; -105.18
22849830.862000; 0.00; 0.00; -105.23
22864803.234000; 0.00; 0.00; -105.28
22882460.123000; 0.00; 0.00; -105.35
22896817.826000; 0.00; 0.00; -105.40
22913928.956000; 0.00; 0.00; -105.46
22928955.471000; 0.00; 0.00; -105.51
22946110.771000; 0.00; 0.00; -105.58
22964132.469000; 0.00; 0.00; -105.64
22977137.789000; 0.00; 0.00; -105.69
22994392.473000; 0.00; 0.00; -105.75
23009408.073000; 0.00; 0.00; -105.80
23026698.551000; 0.00; 0.00; -105.87
23040830.935000; 0.00; 0.00; -105.92
23058930.582000; 0.00; 0.00; -105.98
23073347.599000; 0.00; 0.00; -106.03
23088812.409000; 0.00; 0.00; -106.08
23105870.539000; 0.00; 0.00; -106.15
23120798.191000; 0.00; 0.00; -106.20
23138263.359000; 0.00; 0.00; -106.26
23152898.966000; 0.00; 0.00; -106.31
23168829.295000; 0.00; 0.00; -106.37
23185873.766000; 0.00; 0.00; -106.43
23200892.802000; 0.00; 0.00; -106.48
23217917.003000; 0.00; 0.00; -106.55
23232985.723000; 0.00; 0.00; -106.60
23250022.668000; 0.00; 0.00; -106.66
23264801.525000; 0.00; 0.00; -106.71
23281651.581000; 0.00; 0.00; -106.78
23296806.343000; 0.00; 0.00; -106.83
23315126.614000; 0.00; 0.00; -106.89
23328807.561000; 0.00; 0.00; -106.94
23346664.054000; 0.00; 0.00; -107.00
23360868.444000; 0.00; 0.00; -107.05
23377094.044000; 0.00; 0.00; -107.12
23393207.586000; 0.00; 0.00; -107.17
23410114.349000; 0.00; 0.00; -107.23
23424955.584000; 0.00; 0.00; -107.28
23440810.236000; 0.00; 0.00; -107.34
23457889.349000; 0.00; 0.00; -107.40
23472927.104000; 0.00; 0.00; -107.46
23488784.021000; 0.00; 0.00; -107.51
23504813.292000; 0.00; 0.00; -107.57
23522534.991000; 0.00; 0.00; -107.63
23536957.822000; 0.00; 0.00; -107.69
23553772.857000; 0.00; 0.00; -107.75
23570832.088000; 0.00; 0.00; -107.81
23584813.048000; 0.00; 0.00; -107.86
23601161.431000; 0.00; 0.00; -107.91
23616808.247000; 0.00; 0.00; -107.97
23634775.118000; 0.00; 0.00; -108.03
23648801.760000; 0.00; 0.00; -108.08
23665765.133000; 0.00; 0.00; -108.15
23680799.940000; 0.00; 0.00; -108.20
23698186.869000; 0.00; 0.00; -108.26
23714930.821000; 0.00; 0.00; -108.26
23729282.298000; 0.00; 0.00; -108.25
23746802.631000; 0.00; 0.00; -108.23
23760803.717000; 0.00; 0.00; -108.22
23778053.608000; 0.00; 0.00; -108.21
23793893.342000; 0.00; 0.00; -108.20
23810729.329000; 0.00; 0.00; -108.18
23824848.161000; 0.00; 0.00; -108.17
23842899.926000; 0.00; 0.00; -108.16
23857351.914000; 0.00; 0.00; -108.15
23873092.573000; 0.00; 0.00; -108.13
23889570.530000; 0.00; 0.00; -108.12
23904789.244000; 0.00; 0.00; -108.11
23921942.626000; 0.00; 0.00; -108.09
23936891.182000; 0.00; 0.00; -108.08
23952800.154000; 0.00; 0.00; -108.07
23970639.362000; 0.00; 0.00; -108.06
23984789.457000; 0.00; 0.00; -108.05
24001729.652000; 0.00; 0.00; -108.03
24016789.623000; 0.00; 0.00; -108.02
24037065.182000; 0.00; 0.00; -108.00
24051109.802000; 0.00; 0.00; -107.99
24065325.946000; 0.00; 0.00; -107.98
24081854.202000; 0.00; 0.00; -107.97
24098938.217000; 0.00; 0.00; -107.95
24114277.211000; 0.00; 0.00; -107.94
24129431.017000; 0.00; 0.00; -107.93
24146155.297000; 0.00; 0.00; -107.92
24160809.953000; 0.00; 0.00; -107.91
24177827.036000; 0.00; 0.00; -107.89
24192855.093000; 0.00; 0.00; -107.88
24209943.959000; 0.00; 0.00; -107.87
24225023.147000; 0.00; 0.00; -107.86
24242721.014000; 0.00; 0.00; -107.84
24256914.909000; 0.00; 0.00; -107.83
24272829.342000; 0.00; 0.00; -107.82
24289856.099000; 0.00; 0.00; -107.80
24307219.742000; 0.00; 0.00; -107.79
24321899.694000; 0.00; 0.00; -107.78
24336971.961000; 0.00; 0.00; -107.77
24352806.672000; 0.00; 0.00; -107.75
24370223.603000; 0.00; 0.00; -107.74
24384900.311000; 0.00; 0.00; -107.73
24402658.016000; 0.00; 0.00; -107.71
24417333.118000; 0.00; 0.00; -107.70
24432878.177000; 0.00; 0.00; -107.69
24449800.433000; 0.00; 0.00; -107.68
24464768.746000; 0.00; 0.00; -107.67
24481965.327000; 0.00; 0.00; -107.65
24498428.173000; 0.00; 0.00; -107.64
24513120.125000; 0.00; 0.00; -107.63
24529615.090000; 0.00; 0.00; -107.61
24544806.220000; 0.00; 0.00; -107.60
24561774.129000; 0.00; 0.00; -107.59
24576816.584000; 0.00; 0.00; -107.58
24593265.272000; 0.00; 0.00; -107.56
24610073.229000; 0.00; 0.00; -107.55
24624994.039000; 0.00; 0.00; -107.54
24642261.538000; 0.00; 0.00; -107.52
24657874.869000; 0.00; 0.00; -107.51
24672811.947000; 0.00; 0.00; -107.50
24689735.775000; 0.00; 0.00; -107.49
24706695.402000; 0.00; 0.00; -107.48
24722091.430000; 0.00; 0.00; -107.48
24737515.114000; 0.00; 0.00; -107.48
24754383.202000; 0.00; 0.00; -107.48
24769291.474000; 0.00; 0.00; -107.48
24786473.085000; 0.00; 0.00; -107.48
24800926.256000; 0.00; 0.00; -107.48
24817875.475000; 0.00; 0.00; -107.48
24834690.363000; 0.00; 0.00; -107.48
24849485.426000; 0.00; 0.00; -107.48
24866294.383000; 0.00; 0.00; -107.48
24880866.953000; 0.00; 0.00; -107.48
24897608.818000; 0.00; 0.00; -107.48
24912815.012000; 0.00; 0.00; -107.48
24929980.545000; 0.00; 0.00; -107.48
24947497.781000; 0.00; 0.00; -107.48
24963118.578000; 0.00; 0.00; -107.48
24978177.311000; 0.00; 0.00; -107.48
24994432.432000; 0.00; 0.00; -107.48
25009028.352000; 0.00; 0.00; -107.48
25024979.256000; 0.00; 0.00; -107.48
25042801.743000; 0.00; 0.00; -107.48
25057232.299000; 0.00; 0.00; -107.48
25074943.133000; 0.00; 0.00; -107.48
25088922.847000; 0.00; 0.00; -107.48
25105992.340000; 0.00; 0.00; -107.48
25121358.955000; 0.00; 0.00; -107.48
25138831.738000; 0.00; 0.00; -107.48
25153230.926000; 0.00; 0.00; -107.48
25170316.913000; 0.00; 0.00; -107.48
25184890.549000; 0.00; 0.00; -107.48
25202495.479000; 0.00; 0.00; -107.48
25216790.578000; 0.00; 0.00; -107.48
25233886.764000; 0.00; 0.00; -107.48
25248789.380000; 0.00; 0.00; -107.48
25265912.496000; 0.00; 0.00; -107.48
25280832.922000; 0.00; 0.00; -107.48
25297053.405000; 0.00; 0.00; -107.48
25313939.563000; 0.00; 0.00; -107.48
25330801.159000; 0.00; 0.00; -107.48
25344735.725000; 0.00; 0.00; -107.48
25361611.727000; 0.00; 0.00; -107.48
25378680.732000; 0.00; 0.00; -107.48
25392919.429000; 0.00; 0.00; -107.48
25409871.479000; 0.00; 0.00; -107.48
25425945.941000; 0.00; 0.00; -107.48
25441017.916000; 0.00; 0.00; -107.48
25456787.202000; 0.00; 0.00; -107.48
25472793.113000; 0.00; 0.00; -107.48
25490460.737000; 0.00; 0.00; -107.48
25511450.539000; 0.00; 0.00; -107.48
25527213.400000; 0.00; 0.00; -107.48
25537123.557000; 0.00; 0.00; -107.48
25553651.246000; 0.00; 0.00; -107.48
25568784.107000; 0.00; 0.00; -107.48
25585692.332000; 0.00; 0.00; -107.48
25602822.871000; 0.00; 0.00; -107.48
25616809.139000; 0.00; 0.00; -107.48
25633840.205000; 0.00; 0.00; -107.48
25650637.453000; 0.00; 0.00; -107.48
25664809.748000; 0.00; 0.00; -107.48
25682409.254000; 0.00; 0.00; -107.48
25698875.496000; 0.00; 0.00; -107.48
25712996.904000; 0.00; 0.00; -107.48
25730319.207000; 0.00; 0.00; -107.48
25744864.719000; 0.00; 0.00; -107.48
25761809.401000; 0.00; 0.00; -107.48
25778624.522000; 0.00; 0.00; -107.48
25792911.489000; 0.00; 0.00; -107.48
25811006.430000; 0.00; 0.00; -107.48
25826187.317000; 0.00; 0.00; -107.48
25840828.407000; 0.00; 0.00; -107.48
25857940.995000; 0.00; 0.00; -107.48
25872954.520000; 0.00; 0.00; -107.48
25890490.209000; 0.00; 0.00; -107.48
25905498.896000; 0.00; 0.00; -107.48
25920962.693000; 0.00; 0.00; -107.48
25938591.419000; 0.00; 0.00; -107.48
25955936.884000; 0.00; 0.00; -107.48
25968933.134000; 0.00; 0.00; -107.48
25985313.952000; 0.00; 0.00; -107.48
26000790.036000; 0.00; 0.00; -107.48
26017867.080000; 0.00; 0.00; -107.48
26033908.714000; 0.00; 0.00; -107.48
26048814.379000; 0.00; 0.00; -107.48
26066360.292000; 0.00; 0.00; -107.48
26080809.385000; 0.00; 0.00; -107.48
26099110.631000; 0.00; 0.00; -107.48
