t; x; y; theta
32448362.695000; 0.00; 0.00; 0.10
32464389.078999; 0.00; 0.00; 0.10
32481858.084000; 0.00; 0.00; 0.10
32496450.678001; 0.00; 0.00; 0.10
32514737.792000; 0.00; 0.00; 0.10
32528582.382999; 0.00; 0.00; 0.10
32545737.918003; 0.00; 0.00; 0.10
32562454.740002; 0.00; 0.00; 0.10
32576467.918999; 0.00; 0.00; 0.10
32593892.291000; 0.00; 0.00; 0.10
32608717.087997; 0.00; 0.00; 0.10
32624386.402000; 0.00; 0.00; 0.10
32641145.185001; 0.00; 0.00; 0.10
32656557.470001; 0.00; 0.00; 0.10
32672817.349003; 0.00; 0.00; 0.10
32688527.694000; 0.00; 0.00; 0.10
32705695.295002; 0.00; 0.00; 0.10
32720378.791000; 0.00; 0.00; 0.10
32736321.112999; 0.00; 0.00; 0.10
32758876.323002; 0.00; 0.00; 0.10
32768632.454002; 0.00; 0.00; 0.10
32784772.722000; 0.00; 0.00; 0.10
32802824.015999; 0.00; 0.00; 0.10
32816885.911003; 0.00; 0.00; 0.10
32832379.709003; 0.00; 0.00; 0.10
32848471.186001; 0.00; 0.00; 0.10
32864405.980999; 0.00; 0.00; 0.10
32880401.059002; 0.00; 0.00; 0.10
32896393.012001; 0.00; 0.00; 0.10
32912444.366001; 0.00; 0.00; 0.10
32928388.963001; 0.00; 0.00; 0.10
32944384.188999; 0.00; 0.00; 0.10
32960390.809002; 0.00; 0.00; 0.10
32978587.375000; 0.00; 0.00; 0.10
32992516.336998; 0.00; 0.00; 0.10
33009819.694004; 0.00; 0.00; 0.10
33025479.500000; 0.00; 0.00; 0.10
33043380.450001; 0.00; 0.00; 0.10
33056619.862000; 0.00; 0.00; 0.10
33072418.570000; 0.00; 0.00; 0.10
33091323.142998; 0.00; 0.00; 0.10
33111018.717003; 0.00; 0.00; 0.10
33120537.698002; 0.00; 0.00; 0.10
33138132.379002; 0.00; 0.00; 0.10
33153405.516003; 0.00; 0.00; 0.10
33168380.255001; 0.00; 0.00; 0.10
33185947.479000; 0.00; 0.00; 0.10
33201028.955002; 0.00; 0.00; 0.10
33216640.621002; 0.00; 0.00; 0.10
33234709.957001; 0.00; 0.00; 0.10
33248559.166000; 0.00; 0.00; 0.10
33265463.750000; 0.00; 0.00; 0.10
33280494.647999; 0.00; 0.00; 0.10
33297606.988998; 0.00; 0.00; 0.10
33313635.719997; 0.00; 0.00; 0.10
33328380.763000; 0.00; 0.00; 0.10
33345756.571003; 0.00; 0.00; 0.10
33360595.937000; 0.00; 0.00; 0.10
33376856.579998; 0.00; 0.00; 0.10
33392403.989002; 0.00; 0.00; 0.10
33409257.145000; 0.00; 0.00; 0.10
33426397.064999; 0.00; 0.00; 0.10
33440522.149002; 0.00; 0.00; 0.10
33458411.502003; 0.00; 0.00; 0.10
33472539.091999; 0.00; 0.00; 0.10
33489896.944000; 0.00; 0.00; 0.10
33504676.072002; 0.00; 0.00; 0.10
33522895.704998; 0.00; 0.00; 0.10
33536396.311001; 0.00; 0.00; 0.10
33554766.338001; 0.00; 0.00; 0.10
33568547.943001; 0.00; 0.00; 0.10
33584470.402000; 0.00; 0.00; 0.10
33600610.624001; 0.00; 0.00; 0.10
33616394.257000; 0.00; 0.00; 0.10
33633714.047001; 0.00; 0.00; 0.10
33648421.925003; 0.00; 0.00; 0.10
33664346.903999; 0.00; 0.00; 0.10
33681640.726002; 0.00; 0.00; 0.10
33696381.403999; 0.00; 0.00; 0.10
33715306.577000; 0.00; 0.00; 0.10
33728616.795002; 0.00; 0.00; 0.10
33745672.151001; 0.00; 0.00; 0.10
33760706.542999; 0.00; 0.00; 0.10
33778139.065002; 0.00; 0.00; 0.10
33792462.860001; 0.00; 0.00; 0.10
33810842.921001; 0.00; 0.00; 0.10
33824516.863998; 0.00; 0.00; 0.10
33842415.924000; 0.00; 0.00; 0.10
33856710.987000; 0.00; 0.00; 0.10
33872473.770000; 0.00; 0.00; 0.10
33888609.610001; 0.00; 0.00; 0.10
33906504.809998; 0.00; 0.00; 0.10
33922536.144001; 0.00; 0.00; 0.10
33938767.598000; 0.00; 0.00; 0.10
33952412.113998; 0.00; 0.00; 0.10
33970329.514000; 0.00; 0.00; 0.10
33984905.550003; 0.00; 0.00; 0.10
34002384.416000; 0.00; 0.00; 0.10
34016334.821003; 0.00; 0.00; 0.10
34034487.743000; 0.00; 0.00; 0.10
34048933.357002; 0.00; 0.00; 0.10
34066543.637001; 0.00; 0.00; 0.10
34080375.463001; 0.00; 0.00; 0.10
34096464.817001; 0.00; 0.00; 0.10
34113927.069000; 0.00; 0.00; 0.10
34128399.306999; 0.00; 0.00; 0.10
34145570.714001; 0.00; 0.00; 0.10
34160399.683002; 0.00; 0.00; 0.10
34177514.402000; 0.00; 0.00; 0.10
34192409.756001; 0.00; 0.00; 0.10
34210184.785999; 0.00; 0.00; 0.10
34224329.747002; 0.00; 0.00; 0.10
34240563.141003; 0.00; 0.00; 0.10
34257745.202003; 0.00; 0.00; 0.10
34272465.116001; 0.00; 0.00; 0.10
34288626.823002; 0.00; 0.00; 0.10
34306189.715000; 0.00; 0.00; 0.10
34321170.816998; 0.00; 0.00; 0.10
34336386.201000; 0.00; 0.00; 0.10
34356017.351997; 0.00; 0.00; 0.10
34372001.879002; 0.00; 0.00; 0.10
34384363.770000; 0.00; 0.00; 0.10
34408833.972000; 0.00; 0.00; 0.10
34416362.181000; 0.00; 0.00; 0.10
34432567.191002; 0.00; 0.00; 0.10
34449574.820000; 0.00; 0.00; 0.10
34464380.172001; 0.00; 0.00; 0.10
34481494.113998; 0.00; 0.00; 0.10
34496428.101002; 0.00; 0.00; 0.10
34512404.494999; 0.00; 0.00; 0.10
34529279.998001; 0.00; 0.00; 0.10
34546630.223999; 0.00; 0.00; 0.10
34560402.521004; 0.00; 0.00; 0.10
34578263.083000; 0.00; 0.00; 0.10
34592398.825001; 0.00; 0.00; 0.10
34609466.911999; 0.00; 0.00; 0.10
34624456.997002; 0.00; 0.00; 0.10
34640561.116001; 0.00; 0.00; 0.10
34657489.715000; 0.00; 0.00; 0.10
34672768.397999; 0.00; 0.00; 0.10
34689785.719002; 0.00; 0.00; 0.10
34704814.911999; 0.00; 0.00; 0.10
34722561.010002; 0.00; 0.00; 0.10
34736634.446999; 0.00; 0.00; 0.10
34754672.046001; 0.00; 0.00; 0.10
34769566.237999; 0.00; 0.00; 0.10
34787132.647003; 0.00; 0.00; 0.10
34812206.472000; 0.00; 0.00; 0.10
34835107.121998; 0.00; 0.00; 0.10
34848722.894001; 0.00; 0.00; 0.10
34865682.066002; 0.00; 0.00; 0.10
34880540.715000; 0.00; 0.00; 0.10
34896546.264000; 0.00; 0.00; 0.10
34913377.915001; 0.00; 0.00; 0.10
34930573.314999; 0.00; 0.00; 0.10
34944586.002998; 0.00; 0.00; 0.10
34960567.077000; 0.00; 0.00; 0.10
34976562.197002; 0.00; 0.00; 0.10
34993557.303001; 0.00; 0.00; 0.10
35010191.889000; 0.00; 0.00; 0.10
35024555.848000; 0.00; 0.00; 0.10
35041306.827999; 0.00; 0.00; 0.10
35058445.511002; 0.00; 0.00; 0.10
35072708.453003; 0.00; 0.00; 0.10
35088554.850002; 0.00; 0.00; 0.10
35105359.813999; 0.00; 0.00; 0.10
35122412.303001; 0.00; 0.00; 0.10
35136637.450001; 0.00; 0.00; 0.10
35153779.187000; 0.00; 0.00; 0.10
35168529.325001; 0.00; 0.00; 0.10
35185689.320000; 0.00; 0.00; 0.10
35200550.862000; 0.00; 0.00; 0.10
35217617.077000; 0.00; 0.00; 0.10
35232623.184002; 0.00; 0.00; 0.10
35250052.585003; 0.00; 0.00; 0.10
35266189.414001; 0.00; 0.00; 0.10
35281441.970001; 0.00; 0.00; 0.10
35297535.187000; 0.00; 0.00; 0.10
35312670.062004; 0.00; 0.00; 0.10
35329628.274002; 0.00; 0.00; 0.10
35344604.604000; 0.00; 0.00; 0.10
35360550.255001; 0.00; 0.00; 0.10
35376608.637001; 0.00; 0.00; 0.10
35392681.614002; 0.00; 0.00; 0.10
35408977.756001; 0.00; 0.00; 0.10
35424551.387001; 0.00; 0.00; 0.10
35442029.005001; 0.00; 0.00; 0.10
35456606.632000; 0.00; 0.00; 0.10
35472513.235001; 0.00; 0.00; 0.10
35489983.215000; 0.00; 0.00; 0.10
35504831.466999; 0.00; 0.00; 0.10
35520746.622002; 0.00; 0.00; 0.10
35536701.250999; 0.00; 0.00; 0.10
35553990.521999; 0.00; 0.00; 0.10
35570372.259003; 0.00; 0.00; 0.10
35584545.130001; 0.00; 0.00; 0.10
35602422.659004; 0.00; 0.00; 0.10
35617951.621002; 0.00; 0.00; 0.10
35633156.555000; 0.00; 0.00; 0.10
35648551.033001; 0.00; 0.00; 0.10
35665937.971001; 0.00; 0.00; 0.10
35681086.261002; 0.00; 0.00; 0.10
35696645.672001; 0.00; 0.00; 0.10
35714302.727001; 0.00; 0.00; 0.10
35728551.482002; 0.00; 0.00; 0.10
35744552.570999; 0.00; 0.00; 0.10
35760543.403004; 0.00; 0.00; 0.10
35777870.534000; 0.00; 0.00; 0.10
35792671.931999; 0.00; 0.00; 0.10
35808561.521000; 0.00; 0.00; 0.10
35824535.887001; 0.00; 0.00; 0.10
35840555.328999; 0.00; 0.00; 0.10
35857827.901001; 0.00; 0.00; 0.10
35872582.331001; 0.00; 0.00; 0.10
35890841.753002; 0.00; 0.00; 0.10
35904676.267002; 0.00; 0.00; 0.10
35922527.488003; 0.00; 0.00; 0.10
35936606.726002; 0.00; 0.00; 0.10
35953560.491001; 0.00; 0.00; 0.10
35968556.826000; 0.00; 0.00; 0.10
35986455.634003; 0.00; 0.00; 0.10
36002002.881001; 0.00; 0.00; 0.10
36017618.076000; 0.00; 0.00; 0.10
36032537.882004; 0.00; 0.00; 0.10
36049656.251999; 0.00; 0.00; 0.10
36064931.912998; 0.00; 0.00; 0.10
36083343.766003; 0.00; 0.00; 0.10
36096546.177002; 0.00; 0.00; 0.10
36112564.881001; 0.00; 0.00; 0.10
36128541.343998; 0.00; 0.00; 0.10
36144548.640003; 0.00; 0.00; 0.10
36161996.226002; 0.00; 0.00; 0.10
36176534.163002; 0.00; 0.00; 0.10
36194377.351002; 0.00; 0.00; 0.10
36210048.720001; 0.00; 0.00; 0.10
36224533.081001; 0.00; 0.00; 0.10
36240646.018002; 0.00; 0.00; 0.10
36258189.986004; 0.00; 0.00; 0.10
36272768.304001; 0.00; 0.00; 0.10
36291083.778000; 0.00; 0.00; 0.10
36306902.017002; 0.00; 0.00; 0.10
36321433.226002; 0.00; 0.00; 0.10
36338440.216003; 0.00; 0.00; 0.10
36352528.337002; 0.00; 0.00; 0.10
36368543.469002; 0.00; 0.00; 0.10
36384874.653999; 0.00; 0.00; 0.10
36403746.076000; 0.00; 0.00; 0.10
36417547.711002; 0.00; 0.00; 0.10
36434533.834999; 0.00; 0.00; 0.10
36450482.951000; 0.00; 0.00; 0.10
36464780.414001; 0.00; 0.00; 0.10
36480565.945000; 0.00; 0.00; 0.10
36496540.632000; 0.00; 0.00; 0.10
36512549.988998; 0.00; 0.00; 0.10
36530315.993000; 0.00; 0.00; 0.10
36544539.881001; 0.00; 0.00; 0.10
36562348.721001; 0.00; 0.00; 0.10
36576525.948002; 0.00; 0.00; 0.10
36592661.195004; 0.00; 0.00; 0.10
36610192.109001; 0.00; 0.00; 0.10
36625894.739002; 0.00; 0.00; 0.10
36640736.831001; 0.00; 0.00; 0.10
36656514.973999; 0.00; 0.00; 0.10
36677555.812000; 0.00; 0.00; 0.10
36690277.071003; 0.00; 0.00; 0.10
36705883.549000; 0.00; 0.00; 0.10
36720688.040001; 0.00; 0.00; 0.10
36738705.088001; 0.00; 0.00; 0.10
36754119.017998; 0.00; 0.00; 0.10
36769456.804001; 0.00; 0.00; 0.10
36788088.574001; 0.00; 0.00; 0.10
36802106.000999; 0.00; 0.00; 0.10
36816517.977001; 0.00; 0.00; 0.10
36832557.177002; 0.00; 0.00; 0.10
36848613.185001; 0.00; 0.00; 0.10
36864600.681999; 0.00; 0.00; 0.10
36882386.508003; 0.00; 0.00; 0.10
36896959.655003; 0.00; 0.00; 0.10
36914297.390003; 0.00; 0.00; 0.10
36928560.313004; 0.00; 0.00; 0.10
36944538.348999; 0.00; 0.00; 0.10
36962614.259998; 0.00; 0.00; 0.10
36976541.789001; 0.00; 0.00; 0.10
36992946.552002; 0.00; 0.00; 0.10
37008642.579002; 0.00; 0.00; 0.10
37027290.481003; 0.00; 0.00; 0.10
37040538.595001; 0.00; 0.00; 0.10
37056574.356003; 0.00; 0.00; 0.10
37072701.902004; 0.00; 0.00; 0.10
37091051.515999; 0.00; 0.00; 0.10
37104639.128002; 0.00; 0.00; 0.10
37122154.185001; 0.00; 0.00; 0.10
37136816.320000; 0.00; 0.00; 0.10
37154158.050003; 0.00; 0.00; 0.10
37168536.228001; 0.00; 0.00; 0.10
37184626.376999; 0.00; 0.00; 0.10
37200555.190002; 0.00; 0.00; 0.10
37219731.056000; 0.00; 0.00; 0.10
37232723.155003; 0.00; 0.00; 0.10
37249571.396004; 0.00; 0.00; 0.10
37266693.771000; 0.00; 0.00; 0.10
37280573.473999; 0.00; 0.00; 0.10
37297638.223003; 0.00; 0.00; 0.10
37313997.430000; 0.00; 0.00; 0.10
37328547.272003; 0.00; 0.00; 0.10
37346216.023003; 0.00; 0.00; 0.10
37360534.372002; 0.00; 0.00; 0.10
37378267.206001; 0.00; 0.00; 0.10
37394172.624001; 0.00; 0.00; 0.10
37408830.691998; 0.00; 0.00; 0.10
37424551.404003; 0.00; 0.00; 0.10
37441355.095001; 0.00; 0.00; 0.10
37456551.610001; 0.00; 0.00; 0.10
37472585.725002; 0.00; 0.00; 0.10
37488759.044003; 0.00; 0.00; 0.10
37504784.016003; 0.00; 0.00; 0.10
37520724.408001; 0.00; 0.00; 0.10
37538486.038002; 0.00; 0.00; 0.10
37552552.255001; 0.00; 0.00; 0.10
37570851.747002; 0.00; 0.00; 0.10
37585537.076000; 0.00; 0.00; 0.10
37600655.201000; 0.00; 0.00; 0.10
37616556.451000; 0.00; 0.00; 0.10
37632541.737000; 0.00; 0.00; 0.10
37648637.596001; 0.00; 0.00; 0.10
37664529.354000; 0.00; 0.00; 0.10
37693878.050999; 0.00; 0.00; 0.10
37698939.640999; 0.00; 0.00; 0.10
37712551.836002; 0.00; 0.00; 0.10
37730844.227001; 0.00; 0.00; 0.10
37744561.374001; 0.00; 0.00; 0.10
37761631.348999; 0.00; 0.00; 0.10
37776547.418999; 0.00; 0.00; 0.10
37792563.143002; 0.00; 0.00; 0.10
37811394.612000; 0.00; 0.00; 0.10
37825100.532001; 0.00; 0.00; 0.10
37840544.014999; 0.00; 0.00; 0.10
37857684.896000; 0.00; 0.00; 0.10
37886416.056000; 0.00; 0.00; 0.10
37889717.695004; 0.00; 0.00; 0.10
37905189.042999; 0.00; 0.00; 0.10
37920748.567001; 0.00; 0.00; 0.10
37938717.773998; 0.00; 0.00; 0.10
37953120.989002; 0.00; 0.00; 0.10
37968903.805000; 0.00; 0.00; 0.10
37985627.061001; 0.00; 0.00; 0.10
38000589.123001; 0.00; 0.00; 0.10
38019315.741001; 0.00; 0.00; 0.10
38033066.020004; 0.00; 0.00; 0.10
38048732.775002; 0.00; 0.00; 0.10
38067115.622002; 0.00; 0.00; 0.10
38080529.054001; 0.00; 0.00; 0.10
38096502.912003; 0.00; 0.00; 0.10
38113433.050999; 0.00; 0.00; 0.10
38129931.767998; 0.00; 0.00; 0.10
38146248.254002; 0.00; 0.00; 0.10
38160759.507000; 0.00; 0.00; 0.10
38176574.844002; 0.00; 0.00; 0.10
38193616.543999; 0.00; 0.00; 0.10
38210726.121002; 0.00; 0.00; 0.10
38224556.526001; 0.00; 0.00; 0.10
38241207.795002; 0.00; 0.00; 0.10
38258557.018002; 0.00; 0.00; 0.10
38272563.915001; 0.00; 0.00; 0.10
38289997.446003; 0.00; 0.00; 0.10
38304540.209999; 0.00; 0.00; 0.10
38320983.602001; 0.00; 0.00; 0.10
38338066.814003; 0.00; 0.00; 0.10
38354238.329002; 0.00; 0.00; 0.10
38368784.610001; 0.00; 0.00; 0.10
38385661.126003; 0.00; 0.00; 0.10
38400542.224003; 0.00; 0.00; 0.10
38417615.661003; 0.00; 0.00; 0.10
38432573.049999; 0.00; 0.00; 0.10
38450696.910000; 0.00; 0.00; 0.10
38464985.100002; 0.00; 0.00; 0.10
38481646.112999; 0.00; 0.00; 0.10
38496613.007000; 0.00; 0.00; 0.10
38514722.552002; 0.00; 0.00; 0.10
38529184.785999; 0.00; 0.00; 0.10
38544536.311001; 0.00; 0.00; 0.10
38560560.355999; 0.00; 0.00; 0.10
38576457.881001; 0.00; 0.00; 0.10
38597270.851002; 0.00; 0.00; 0.10
38611542.790001; 0.00; 0.00; 0.10
38626008.812000; 0.00; 0.00; 0.10
38640602.285999; 0.00; 0.00; 0.10
38658838.559002; 0.00; 0.00; 0.10
38672621.493999; 0.00; 0.00; 0.10
38690475.161999; 0.00; 0.00; 0.10
38704785.741001; 0.00; 0.00; 0.10
38722366.215000; 0.00; 0.00; 0.10
38736720.775002; 0.00; 0.00; 0.10
38752545.264000; 0.00; 0.00; 0.10
38770484.082001; 0.00; 0.00; 0.10
38785367.491001; 0.00; 0.00; 0.10
38800534.737003; 0.00; 0.00; 0.10
38816554.558998; 0.00; 0.00; 0.10
38835486.026001; 0.00; 0.00; 0.10
38848501.788002; 0.00; 0.00; 0.10
38865969.191002; 0.00; 0.00; 0.10
38881721.466003; 0.00; 0.00; 0.10
38897672.947998; 0.00; 0.00; 0.10
38913208.715000; 0.00; 0.00; 0.10
38928598.625000; 0.00; 0.00; 0.10
38944561.605000; 0.00; 0.00; 0.10
38960536.229000; 0.00; 0.00; 0.10
38988444.309002; 0.00; 0.00; 0.10
38995315.095001; 0.00; 0.00; 0.10
39021131.968998; 0.00; 0.00; 0.10
39024516.752003; 0.00; 0.00; 0.10
39040613.134998; 0.00; 0.00; 0.10
39059077.911999; 0.00; 0.00; 0.10
39073616.893002; 0.00; 0.00; 0.10
39088549.833000; 0.00; 0.00; 0.10
39105396.110001; 0.00; 0.00; 0.10
39121862.817001; 0.00; 0.00; 0.10
39136719.631001; 0.00; 0.00; 0.10
39153027.583000; 0.00; 0.00; 0.10
39169343.918999; 0.00; 0.00; 0.10
39184547.187000; 0.00; 0.00; 0.10
39200407.592003; 0.00; 0.00; 0.10
39218519.121002; 0.00; 0.00; 0.10
39233037.470001; 0.00; 0.00; 0.10
39248570.347000; 0.00; 0.00; 0.10
39264544.918999; 0.00; 0.00; 0.10
39283890.337002; 0.00; 0.00; 0.10
39296523.446999; 0.00; 0.00; 0.10
39314654.271000; 0.00; 0.00; 0.10
39335299.527000; 0.00; 0.00; 0.10
39347709.605003; 0.00; 0.00; 0.10
39361614.365002; 0.00; 0.00; 0.10
39377961.752003; 0.00; 0.00; 0.10
39393309.832001; 0.00; 0.00; 0.10
39408594.984001; 0.00; 0.00; 0.10
39424575.885002; 0.00; 0.00; 0.10
39440981.000000; 0.00; 0.00; 0.10
39456547.794998; 0.00; 0.00; 0.10
39474032.515999; 0.00; 0.00; 0.10
39490657.369999; 0.00; 0.00; 0.10
39506058.338001; 0.00; 0.00; 0.10
39521782.387001; 0.00; 0.00; 0.10
39536766.566998; 0.00; 0.00; 0.10
39554782.652004; 0.00; 0.00; 0.10
39569101.570999; 0.00; 0.00; 0.10
39584893.424999; 0.00; 0.00; 0.10
39600883.668003; 0.00; 0.00; 0.10
39617990.347000; 0.00; 0.00; 0.10
39634571.388000; 0.00; 0.00; 0.10
39648530.670002; 0.00; 0.00; 0.10
39665791.701004; 0.00; 0.00; 0.10
39680543.464001; 0.00; 0.00; 0.10
39696541.096001; 0.00; 0.00; 0.10
39714222.551003; 0.00; 0.00; 0.10
39728557.679001; 0.00; 0.00; 0.10
39745651.235001; 0.00; 0.00; 0.10
39762366.924999; 0.00; 0.00; 0.10
39776622.120003; 0.00; 0.00; 0.10
39793641.645000; 0.00; 0.00; 0.10
39809826.646000; 0.00; 0.00; 0.10
39824598.030998; 0.00; 0.00; 0.10
39842730.137001; 0.00; 0.00; 0.10
39858488.282001; 0.00; 0.00; 0.10
39872727.533001; 0.00; 0.00; 0.10
39888753.359001; 0.00; 0.00; 0.10
39909020.585003; 0.00; 0.00; 0.10
39920745.520000; 0.00; 0.00; 0.10
39937717.020000; 0.00; 0.00; 0.10
39952537.841000; 0.00; 0.00; 0.10
39968586.461002; 0.00; 0.00; 0.10
39985777.681999; 0.00; 0.00; 0.10
40001812.010002; 0.00; 0.00; 0.10
40016554.918999; 0.00; 0.00; 0.10
40037725.720001; 0.00; 0.00; 0.10
40048523.416000; 0.00; 0.00; 0.10
40065634.390003; 0.00; 0.00; 0.10
40082234.447002; 0.00; 0.00; 0.10
40098002.953003; 0.00; 0.00; 0.10
40113462.575001; 0.00; 0.00; 0.10
40131554.914001; 0.00; 0.00; 0.10
40147547.719002; 0.00; 0.00; 0.10
40160550.456001; 0.00; 0.00; 0.10
40176637.258999; 0.00; 0.00; 0.10
40194002.266998; 0.00; 0.00; 0.10
40208703.687000; 0.00; 0.00; 0.10
40224537.064003; 0.00; 0.00; 0.10
40243629.709000; 0.00; 0.00; 0.10
40257450.393002; 0.00; 0.00; 0.10
40273328.859001; 0.00; 0.00; 0.10
40288568.522999; 0.00; 0.00; 0.10
40306806.584003; 0.00; 0.00; 0.10
40321913.137001; 0.00; 0.00; 0.10
40336625.834000; 0.00; 0.00; 0.10
40354493.233002; 0.00; 0.00; 0.10
40368541.327000; 0.00; 0.00; 0.10
40384547.975998; 0.00; 0.00; 0.10
40400555.522999; 0.00; 0.00; 0.10
40420625.044003; 0.00; 0.00; 0.10
40434966.070000; 0.00; 0.00; 0.10
40449657.235001; 0.00; 0.00; 0.10
40464415.375999; 0.00; 0.00; 0.10
40481927.074001; 0.00; 0.00; 0.10
40496542.796001; 0.00; 0.00; 0.10
40512532.479000; 0.00; 0.00; 0.10
40530124.824001; 0.00; 0.00; 0.10
40545240.984001; 0.00; 0.00; 0.10
40560550.499004; 0.00; 0.00; 0.10
40576700.106003; 0.00; 0.00; 0.10
40592558.856998; 0.00; 0.00; 0.10
40609383.587997; 0.00; 0.00; 0.10
40624549.274998; 0.00; 0.00; 0.10
40640902.376999; 0.00; 0.00; 0.10
40673498.676998; 0.00; 0.00; 0.10
40676204.532001; 0.00; 0.00; 0.10
40705160.902000; 0.00; 0.00; 0.10
40709025.475002; 0.00; 0.00; 0.10
40721988.090000; 0.00; 0.00; 0.10
40737799.238998; 0.00; 0.00; 0.10
40759087.208000; 0.00; 0.00; 0.10
40768918.393002; 0.00; 0.00; 0.10
40786799.487000; 0.00; 0.00; 0.10
40800518.615002; 0.00; 0.00; 0.10
40817651.130001; 0.00; 0.00; 0.10
40832604.873001; 0.00; 0.00; 0.10
40850426.449001; 0.00; 0.00; 0.10
40866194.450001; 0.00; 0.00; 0.10
40880546.550003; 0.00; 0.00; 0.10
40896561.373001; 0.00; 0.00; 0.10
40912541.349003; 0.00; 0.00; 0.10
40930591.170002; 0.00; 0.00; 0.10
40944547.757000; 0.00; 0.00; 0.10
40960533.928001; 0.00; 0.00; 0.10
40976697.573002; 0.00; 0.00; 0.10
40992569.869999; 0.00; 0.00; 0.10
41009319.753002; 0.00; 0.00; 0.10
41026172.918999; 0.00; 0.00; 0.10
41040824.379002; 0.00; 0.00; 0.10
41057832.577000; 0.00; 0.00; 0.10
41090097.158001; 0.00; 0.00; 0.10
41093620.195999; 0.00; 0.00; 0.10
41104746.328003; 0.00; 0.00; 0.10
41121391.338001; 0.00; 0.00; 0.10
41136728.701000; 0.00; 0.00; 0.10
41154302.869999; 0.00; 0.00; 0.10
41168648.429001; 0.00; 0.00; 0.10
41184469.151001; 0.00; 0.00; 0.10
41201622.158001; 0.00; 0.00; 0.10
41216537.332001; 0.00; 0.00; 0.10
41233019.339001; 0.00; 0.00; 0.10
41251430.172001; 0.00; 0.00; 0.10
41266105.897003; 0.00; 0.00; 0.10
41280553.103001; 0.00; 0.00; 0.10
41298483.375999; 0.00; 0.00; 0.10
41315339.482002; 0.00; 0.00; 0.10
41329075.689999; 0.00; 0.00; 0.10
41344551.996002; 0.00; 0.00; 0.10
41361342.694000; 0.00; 0.00; 0.10
41377789.952000; 0.00; 0.00; 0.10
41392545.675003; 0.00; 0.00; 0.10
41410712.222004; 0.00; 0.00; 0.10
41424546.272999; 0.00; 0.00; 0.10
41441581.103001; 0.00; 0.00; 0.10
41456487.320000; 0.00; 0.00; 0.10
41473657.747002; 0.00; 0.00; 0.10
41488530.428001; 0.00; 0.00; 0.10
41504569.352001; 0.00; 0.00; 0.10
41521835.789001; 0.00; 0.00; 0.10
41536736.810001; 0.00; 0.00; 0.10
41552558.764000; 0.00; 0.00; 0.10
41568694.110001; 0.00; 0.00; 0.10
41584605.223003; 0.00; 0.00; 0.10
41603160.455002; 0.00; 0.00; 0.10
41617263.021000; 0.00; 0.00; 0.10
41632667.185001; 0.00; 0.00; 0.10
41648534.290001; 0.00; 0.00; 0.10
41666632.145000; 0.00; 0.00; 0.10
41680547.528004; 0.00; 0.00; 0.10
41696656.285999; 0.00; 0.00; 0.10
41714666.079998; 0.00; 0.00; 0.10
41728682.848999; 0.00; 0.00; 0.10
41746148.865002; 0.00; 0.00; 0.10
41760689.211002; 0.00; 0.00; 0.10
41778456.845001; 0.00; 0.00; 0.10
41793605.737000; 0.00; 0.00; 0.10
41810669.464001; 0.00; 0.00; 0.10
41825526.275002; 0.00; 0.00; 0.10
41843058.387001; 0.00; 0.00; 0.10
41856541.841000; 0.00; 0.00; 0.10
41887677.345001; 0.00; 0.00; 0.10
41908721.580002; 0.00; 0.00; 0.10
41922744.161999; 0.00; 0.00; 0.10
41938601.441002; 0.00; 0.00; 0.10
41955900.292000; 0.00; 0.00; 0.10
41971208.661003; 0.00; 0.00; 0.10
41989398.115002; 0.00; 0.00; 0.10
42002571.033001; 0.00; 0.00; 0.10
42018651.026001; 0.00; 0.00; 0.10
42034610.681999; 0.00; 0.00; 0.10
42050604.536003; 0.00; 0.00; 0.10
42066636.458000; 0.00; 0.00; 0.10
42082494.237999; 0.00; 0.00; 0.10
42100693.694000; 0.00; 0.00; 0.10
42114898.928001; 0.00; 0.00; 0.10
42132799.973999; 0.00; 0.00; 0.10
42147437.460003; 0.00; 0.00; 0.10
42162670.518002; 0.00; 0.00; 0.10
42178592.928001; 0.00; 0.00; 0.10
42196893.131001; 0.00; 0.00; 0.10
42210717.839001; 0.00; 0.00; 0.10
42228102.419003; 0.00; 0.00; 0.10
42242602.896000; 0.00; 0.00; 0.10
42260232.584003; 0.00; 0.00; 0.10
42274618.785000; 0.00; 0.00; 0.10
42292226.302002; 0.00; 0.00; 0.10
42306601.005001; 0.00; 0.00; 0.10
42323575.467999; 0.00; 0.00; 0.10
42338594.016003; 0.00; 0.00; 0.10
42354665.832001; 0.00; 0.00; 0.10
42372538.599003; 0.00; 0.00; 0.10
42386762.007999; 0.00; 0.00; 0.10
42402601.348000; 0.00; 0.00; 0.10
42421509.198002; 0.00; 0.00; 0.10
42434903.272999; 0.00; 0.00; 0.10
42453178.708004; 0.00; 0.00; 0.10
42466701.120003; 0.00; 0.00; 0.10
42483755.896999; 0.00; 0.00; 0.10
42498620.154003; 0.00; 0.00; 0.10
42515911.438000; 0.00; 0.00; 0.10
42530598.143002; 0.00; 0.00; 0.10
42548118.142002; 0.00; 0.00; 0.10
42575687.006001; 0.00; 0.00; 0.10
42579362.832001; 0.00; 0.00; 0.10
42597693.278000; 0.00; 0.00; 0.10
42610918.691002; 0.00; 0.00; 0.10
42627958.470001; 0.00; 0.00; 0.10
42642647.745003; 0.00; 0.00; 0.10
42658622.717003; 0.00; 0.00; 0.10
42675295.166000; 0.00; 0.00; 0.10
42692093.746998; 0.00; 0.00; 0.10
42706623.737999; 0.00; 0.00; 0.10
42722613.824001; 0.00; 0.00; 0.10
42739602.352001; 0.00; 0.00; 0.10
42756237.956001; 0.00; 0.00; 0.10
42771069.629002; 0.00; 0.00; 0.10
42786900.769001; 0.00; 0.00; 0.10
42805113.526001; 0.00; 0.00; 0.10
42821654.115002; 0.00; 0.00; 0.10
42835678.952000; 0.00; 0.00; 0.10
42850593.919003; 0.00; 0.00; 0.10
42866907.511002; 0.00; 0.00; 0.10
42882626.589001; 0.00; 0.00; 0.10
42899801.273003; 0.00; 0.00; 0.10
42915843.296001; 0.00; 0.00; 0.10
42930606.268002; 0.00; 0.00; 0.10
42946989.660000; 0.00; 0.00; 0.10
42964942.706001; 0.00; 0.00; 0.10
42979429.824001; 0.00; 0.00; 0.10
42996696.969002; 0.00; 0.00; 0.10
43010518.917000; 0.00; 0.00; 0.10
43027433.792999; 0.00; 0.00; 0.10
43042632.232998; 0.00; 0.00; 0.10
43059843.661003; 0.00; 0.00; 0.10
43074903.104000; 0.00; 0.00; 0.10
43092198.699001; 0.00; 0.00; 0.10
43106620.442001; 0.00; 0.00; 0.10
43122600.062000; 0.00; 0.00; 0.10
43138678.071999; 0.00; 0.00; 0.10
43156687.944000; 0.00; 0.00; 0.10
43170769.617001; 0.00; 0.00; 0.10
43186890.716000; 0.00; 0.00; 0.10
43204175.604004; 0.00; 0.00; 0.10
43220024.184002; 0.00; 0.00; 0.10
43234575.423000; 0.00; 0.00; 0.10
43250594.250999; 0.00; 0.00; 0.10
43270623.535999; 0.00; 0.00; 0.10
43283341.493000; 0.00; 0.00; 0.10
43301738.470001; 0.00; 0.00; 0.10
43315070.625999; 0.00; 0.00; 0.10
43331462.406002; 0.00; 0.00; 0.10
43346604.099998; 0.00; 0.00; 0.10
43362627.777000; 0.00; 0.00; 0.10
43391010.801998; 0.00; 0.00; 0.10
43394480.214001; 0.00; 0.00; 0.10
43421986.517002; 0.00; 0.00; 0.10
43427577.300003; 0.00; 0.00; 0.10
43454875.600002; 0.00; 0.00; 0.10
43458549.455002; 0.00; 0.00; 0.10
43474515.694000; 0.00; 0.00; 0.10
43490616.940998; 0.00; 0.00; 0.10
43523142.987000; 0.00; 0.00; 0.10
43525366.447002; 0.00; 0.00; 0.10
43540670.103001; 0.00; 0.00; 0.10
43554576.276001; 0.00; 0.00; 0.10
43572800.284000; 0.00; 0.00; 0.10
43588515.018002; 0.00; 0.00; 0.10
43602810.480999; 0.00; 0.00; 0.10
43619708.555000; 0.00; 0.00; 0.10
43634584.716003; 0.00; 0.00; 0.10
43651183.234001; 0.00; 0.00; 0.10
43667783.556000; 0.00; 0.00; 0.10
43682654.175003; 0.00; 0.00; 0.10
43701453.367001; 0.00; 0.00; 0.10
43725084.515003; 0.00; 0.00; 0.10
43730848.781002; 0.00; 0.00; 0.10
43747818.908001; 0.00; 0.00; 0.10
43764963.235001; 0.00; 0.00; 0.10
43778656.575001; 0.00; 0.00; 0.10
43795793.386002; 0.00; 0.00; 0.10
43811173.871002; 0.00; 0.00; 0.10
43827373.313004; 0.00; 0.00; 0.10
43856711.103001; 0.00; 0.00; 0.10
43859421.072002; 0.00; 0.00; 0.10
43874787.017002; 0.00; 0.00; 0.10
43890613.067001; 0.00; 0.00; 0.10
43906623.901001; 0.00; 0.00; 0.10
43923247.180000; 0.00; 0.00; 0.10
43938636.013000; 0.00; 0.00; 0.10
43955149.279999; 0.00; 0.00; 0.10
43972652.528999; 0.00; 0.00; 0.10
43989527.904999; 0.00; 0.00; 0.10
44003473.750000; 0.00; 0.00; 0.10
44020288.114002; 0.00; 0.00; 0.10
44034605.829002; 0.00; 0.00; 0.10
44051687.162998; 0.00; 0.00; 0.10
44068105.347000; 0.00; 0.00; 0.10
44082707.885002; 0.00; 0.00; 0.10
44098522.121002; 0.00; 0.00; 0.10
44116030.579002; 0.00; 0.00; 0.10
44133118.388000; 0.00; 0.00; 0.10
44146635.718002; 0.00; 0.00; 0.10
44164342.389999; 0.00; 0.00; 0.10
44178591.146999; 0.00; 0.00; 0.10
44196301.672001; 0.00; 0.00; 0.10
44210591.590000; 0.00; 0.00; 0.10
44228111.213001; 0.00; 0.00; 0.10
44242665.580002; 0.00; 0.00; 0.10
44259028.918003; 0.00; 0.00; 0.10
44276392.264000; 0.00; 0.00; 0.10
44290602.549004; 0.00; 0.00; 0.10
44307805.543003; 0.00; 0.00; 0.10
44322640.131001; 0.00; 0.00; 0.10
44338860.895000; 0.00; 0.00; 0.10
44355881.341999; 0.00; 0.00; 0.10
44370758.480000; 0.00; 0.00; 0.10
44388348.743000; 0.00; 0.00; 0.10
44402606.199001; 0.00; 0.00; 0.10
44421699.102001; 0.00; 0.00; 0.10
44434554.669998; 0.00; 0.00; 0.10
44452450.521999; 0.00; 0.00; 0.10
44466864.155003; 0.00; 0.00; 0.10
44483147.699001; 0.00; 0.00; 0.10
44498649.899002; 0.00; 0.00; 0.10
44514596.345001; 0.00; 0.00; 0.10
44530637.615002; 0.00; 0.00; 0.10
44548104.456001; 0.00; 0.00; 0.10
44562638.923000; 0.00; 0.00; 0.10
44578615.827999; 0.00; 0.00; 0.10
44599166.639000; 0.00; 0.00; 0.10
44610586.103001; 0.00; 0.00; 0.10
44628308.876999; 0.00; 0.00; 0.10
44642755.701000; 0.00; 0.00; 0.10
44659802.925003; 0.00; 0.00; 0.10
44674752.634003; 0.00; 0.00; 0.10
44690619.726002; 0.00; 0.00; 0.10
44707091.558002; 0.00; 0.00; 0.10
44723208.434002; 0.00; 0.00; 0.10
44739803.333000; 0.00; 0.00; 0.10
44754827.694000; 0.00; 0.00; 0.10
44770868.471001; 0.00; 0.00; 0.10
44788967.062000; 0.00; 0.00; 0.10
44803689.790001; 0.00; 0.00; 0.10
44819474.832001; 0.00; 0.00; 0.10
44834924.899998; 0.00; 0.00; 0.10
44852963.840000; 0.00; 0.00; 0.10
44866632.882000; 0.00; 0.00; 0.10
44883692.548000; 0.00; 0.00; 0.10
44901915.304001; 0.00; 0.00; 0.10
44917784.459003; 0.00; 0.00; 0.10
44931226.507000; 0.00; 0.00; 0.10
44948934.878002; 0.00; 0.00; 0.10
44962634.381001; 0.00; 0.00; 0.10
44978526.751999; 0.00; 0.00; 0.10
44996672.028999; 0.00; 0.00; 0.10
45010694.603001; 0.00; 0.00; 0.10
45026596.771000; 0.00; 0.00; 0.10
45042550.015999; 0.00; 0.00; 0.10
45060618.560001; 0.00; 0.00; 0.10
45074638.925999; 0.00; 0.00; 0.10
45091669.462002; 0.00; 0.00; 0.10
45111770.893002; 0.00; 0.00; 0.10
45122632.798000; 0.00; 0.00; 0.10
45139300.124001; 0.00; 0.00; 0.10
45154580.387001; 0.00; 0.00; 0.10
45171997.156998; 0.00; 0.00; 0.10
45188594.695999; 0.00; 0.00; 0.10
45204119.309002; 0.00; 0.00; 0.10
45220628.381001; 0.00; 0.00; 0.10
45234561.716999; 0.00; 0.00; 0.10
45252106.292000; 0.00; 0.00; 0.10
45266929.326000; 0.00; 0.00; 0.10
45285526.395000; 0.00; 0.00; 0.10
45298917.488998; 0.00; 0.00; 0.10
45314585.202999; 0.00; 0.00; 0.10
45330475.612003; 0.00; 0.00; 0.10
45346587.179001; 0.00; 0.00; 0.10
45362620.308998; 0.00; 0.00; 0.10
45378602.385002; 0.00; 0.00; 0.10
45394590.082001; 0.00; 0.00; 0.10
45410659.568001; 0.00; 0.00; 0.10
45426651.089001; 0.00; 0.00; 0.10
45442716.688999; 0.00; 0.00; 0.10
45459297.831001; 0.00; 0.00; 0.10
45474594.846001; 0.00; 0.00; 0.10
45492126.219002; 0.00; 0.00; 0.10
45507228.542000; 0.00; 0.00; 0.10
45523159.667000; 0.00; 0.00; 0.10
45538751.665001; 0.00; 0.00; 0.10
45555796.034000; 0.00; 0.00; 0.10
45571222.871002; 0.00; 0.00; 0.10
45586748.377998; 0.00; 0.00; 0.10
45602761.153000; 0.00; 0.00; 0.10
45618694.316002; 0.00; 0.00; 0.10
45634573.747002; 0.00; 0.00; 0.10
45651704.075001; 0.00; 0.00; 0.10
45666625.325001; 0.00; 0.00; 0.10
45684138.667000; 0.00; 0.00; 0.10
45701571.911999; 0.00; 0.00; 0.10
45715087.787003; 0.00; 0.00; 0.10
45730465.186001; 0.00; 0.00; 0.10
45747102.799999; 0.00; 0.00; 0.10
45763920.591000; 0.00; 0.00; 0.10
45778617.299999; 0.00; 0.00; 0.10
45794602.384003; 0.00; 0.00; 0.10
45810597.932999; 0.00; 0.00; 0.10
45826582.050999; 0.00; 0.00; 0.10
45842798.738998; 0.00; 0.00; 0.10
45859613.153999; 0.00; 0.00; 0.10
45874688.892002; 0.00; 0.00; 0.10
45891153.202000; 0.00; 0.00; 0.10
45906682.609001; 0.00; 0.00; 0.10
45923850.151001; 0.00; 0.00; 0.10
45938609.112000; 0.00; 0.00; 0.10
45956732.690002; 0.00; 0.00; 