t; x; y; theta
2370096.540001; 0.00; 0.00; 0.00
2384401.384001; 0.00; 0.00; 0.00
2400446.679002; 0.00; 0.00; 0.00
2416384.256001; 0.00; 0.00; 0.00
2434111.001001; 0.00; 0.00; 0.00
2448525.442000; 0.00; 0.00; 0.00
2464319.999001; 0.00; 0.00; 0.00
2482156.511000; 0.00; 0.00; 0.00
2496220.437000; 0.00; 0.00; 0.00
2515085.120000; 0.00; 0.00; 0.00
2529040.629001; 0.00; 0.00; 0.00
2544566.470000; 0.00; 0.00; 0.00
2562102.612001; 0.00; 0.00; 0.00
2577675.806001; 0.00; 0.00; 0.00
2593048.383000; 0.00; 0.00; 0.00
2608601.752002; 0.00; 0.00; 0.00
2625975.025002; 0.00; 0.00; 0.00
2640335.289001; 0.00; 0.00; 0.00
2657999.908001; 0.00; 0.00; 0.00
2672808.570999; 0.00; 0.00; 0.00
2689836.179001; 0.00; 0.00; 0.00
2704383.941000; 0.00; 0.00; 0.00
2721654.373000; 0.00; 0.00; 0.00
2736352.256001; 0.00; 0.00; 0.00
2753209.038001; 0.00; 0.00; 0.00
2770329.166000; 0.00; 0.00; 0.00
2784244.532001; 0.00; 0.00; 0.00
2801456.287000; 0.00; 0.00; 0.00
2816953.635000; 0.00; 0.00; 0.00
2834514.737000; 0.00; 0.00; 0.00
2848667.345001; 0.00; 0.00; 0.00
2866138.877000; 0.00; 0.00; 0.00
2883164.595000; 0.00; 0.00; 0.00
2897387.955000; 0.00; 0.00; 0.00
2917041.812001; 0.00; 0.00; 0.00
2928322.588001; 0.00; 0.00; 0.00
2945875.592001; 0.00; 0.00; 0.00
2960351.614000; 0.00; 0.00; 0.00
2977133.806001; 0.00; 0.00; 0.00
2992362.485001; 0.00; 0.00; 0.00
3009991.408000; 0.00; 0.00; 0.00
3026839.084002; 0.00; 0.00; 0.00
3041075.697000; 0.00; 0.00; 0.00
3057838.724001; 0.00; 0.00; 0.00
3072354.160001; 0.00; 0.00; 0.00
3088378.467001; 0.00; 0.00; 0.00
3105601.118999; 0.00; 0.00; 0.00
3120341.877001; 0.00; 0.00; 0.00
3136949.887001; 0.00; 0.00; 0.00
3155271.098000; 0.00; 0.00; 0.00
3169615.913001; 0.00; 0.00; 0.00
3186439.010000; 0.00; 0.00; 0.00
3200970.599001; 0.00; 0.00; 0.00
3216351.355000; 0.00; 0.00; 0.00
3234016.786000; 0.00; 0.00; 0.00
3249055.082001; 0.00; 0.00; 0.00
3265505.791000; 0.00; 0.00; 0.00
3282394.266000; 0.00; 0.00; 0.00
3297849.082001; 0.00; 0.00; 0.00
3312489.811000; 0.00; 0.00; 0.00
3329937.733001; 0.00; 0.00; 0.00
3344609.153001; 0.00; 0.00; 0.00
3362180.903002; 0.00; 0.00; 0.00
3377014.830001; 0.00; 0.00; 0.00
3392331.182000; 0.00; 0.00; 0.00
3410121.644000; 0.00; 0.00; 0.00
3424739.053000; 0.00; 0.00; 0.00
3440892.949000; 0.00; 0.00; 0.00
3456346.878000; 0.00; 0.00; 0.00
3473993.348000; 0.00; 0.00; 0.00
3488361.797999; 0.00; 0.00; 0.00
3504753.520001; 0.00; 0.00; 0.00
3520382.265000; 0.00; 0.00; 0.00
3536367.394001; 0.00; 0.00; 0.00
3552347.455001; 0.00; 0.00; 0.00
3568352.452002; 0.00; 0.00; 0.00
3585579.813000; 0.00; 0.00; 0.00
3601709.767001; 0.00; 0.00; 0.00
3616364.775001; 0.00; 0.00; 0.00
3634116.054000; 0.00; 0.00; 0.00
3649101.371000; 0.00; 0.00; 0.00
3665897.753001; 0.00; 0.00; 0.00
3680408.880001; 0.00; 0.00; 0.00
3696279.011002; 0.00; 0.00; 0.00
3712354.213001; 0.00; 0.00; 0.00
3729991.825002; 0.00; 0.00; 0.00
3744427.793001; 0.00; 0.00; 0.00
3762332.761001; 0.00; 0.00; 0.00
3777454.125000; 0.00; 0.00; 0.00
3792352.511001; 0.00; 0.00; 0.00
3810586.314001; 0.00; 0.00; 0.00
3824374.795000; 0.00; 0.00; 0.00
3840490.870000; 0.00; 0.00; 0.00
3858656.444001; 0.00; 0.00; 0.00
3872234.842000; 0.00; 0.00; 0.00
3888463.810001; 0.00; 0.00; 0.00
3906728.495000; 0.00; 0.00; 0.00
3920615.489000; 0.00; 0.00; 0.00
3938033.430000; 0.00; 0.00; 0.00
3952344.610002; 0.00; 0.00; 0.00
3968347.526999; 0.00; 0.00; 0.00
3985573.969002; 0.00; 0.00; 0.00
4000351.129000; 0.00; 0.00; 0.00
4016351.882999; 0.00; 0.00; 0.00
4033985.649002; 0.00; 0.00; 0.00
4048357.195999; 0.00; 0.00; 0.00
4065599.596001; 0.00; 0.00; 0.00
4080352.495001; 0.00; 0.00; 0.00
4096773.099000; 0.00; 0.00; 0.00
4113295.705000; 0.00; 0.00; 0.00
4130027.283000; 0.00; 0.00; 0.00
4145586.488999; 0.00; 0.00; 0.00
4161610.446001; 0.00; 0.00; 0.00
4176380.015000; 0.00; 0.00; 0.00
4195198.179001; 0.00; 0.00; 0.00
4209659.562001; 0.00; 0.00; 0.00
4224349.088001; 0.00; 0.00; 0.00
4240572.374000; 0.00; 0.00; 0.00
4256362.776999; 0.00; 0.00; 0.00
4273610.814001; 0.00; 0.00; 0.00
4288485.857000; 0.00; 0.00; 0.00
4304494.700000; 0.00; 0.00; 0.00
4320354.185000; 0.00; 0.00; 0.00
4337847.667001; 0.00; 0.00; 0.00
4352996.149002; 0.00; 0.00; 0.00
4369440.244000; 0.00; 0.00; 0.00
4384845.633000; 0.00; 0.00; 0.00
4400490.834002; 0.00; 0.00; 0.00
4416357.179000; 0.00; 0.00; 0.00
4433473.708001; 0.00; 0.00; 0.00
4448410.311001; 0.00; 0.00; 0.00
4466170.328000; 0.00; 0.00; 0.00
4480357.590000; 0.00; 0.00; 0.00
4502971.114000; 0.00; 0.00; 0.00
4513456.670000; 0.00; 0.00; 0.00
4528336.350000; 0.00; 0.00; 0.00
4544297.044001; 0.00; 0.00; 0.00
4561397.970001; 0.00; 0.00; 0.00
4577576.464001; 0.00; 0.00; 0.00
4592355.491002; 0.00; 0.00; 0.00
4608290.728999; 0.00; 0.00; 0.00
4624373.049001; 0.00; 0.00; 0.00
4640371.970001; 0.00; 0.00; 0.00
4657003.549001; 0.00; 0.00; 0.00
4672362.176002; 0.00; 0.00; 0.00
4689981.122002; 0.00; 0.00; 0.00
4705497.503001; 0.00; 0.00; 0.00
4721376.011001; 0.00; 0.00; 0.00
4736394.007999; 0.00; 0.00; 0.00
4752530.676001; 0.00; 0.00; 0.00
4768352.776000; 0.00; 0.00; 0.00
4786502.206000; 0.00; 0.00; 0.00
4802480.194001; 0.00; 0.00; 0.00
4816263.954000; 0.00; 0.00; 0.00
4834282.812000; 0.00; 0.00; 0.00
4848831.257001; 0.00; 0.00; 0.00
4866355.019000; 0.00; 0.00; 0.00
4880445.577001; 0.00; 0.00; 0.00
4897483.911000; 0.00; 0.00; 0.00
4912340.635001; 0.00; 0.00; 0.00
4928350.319000; 0.00; 0.00; 0.00
4945043.433002; 0.00; 0.00; 0.00
4960332.141000; 0.00; 0.00; 0.00
4977303.344000; 0.00; 0.00; 0.00
4992544.069000; 0.00; 0.00; 0.00
5008355.535002; 0.00; 0.00; 0.00
5025936.937000; 0.00; 0.00; 0.00
5041675.059002; 0.00; 0.00; 0.00
5057312.786001; 0.00; 0.00; 0.00
5074177.389001; 0.00; 0.00; 0.00
5088432.729001; 0.00; 0.00; 0.00
5104354.823999; 0.00; 0.00; 0.00
5120448.238000; 0.00; 0.00; 0.00
5136567.978002; 0.00; 0.00; 0.00
5152546.368001; 0.00; 0.00; 0.00
5168377.940001; 0.00; 0.00; 0.00
5185819.385000; 0.00; 0.00; 0.00
5202176.835001; 0.00; 0.00; 0.00
5218490.480000; 0.00; 0.00; 0.00
5232751.420001; 0.00; 0.00; 0.00
5250117.212001; 0.00; 0.00; 0.00
5264627.874000; 0.00; 0.00; 0.00
5282139.870000; 0.00; 0.00; 0.00
5296730.120001; 0.00; 0.00; 0.00
5313695.961000; 0.00; 0.00; 0.00
5329672.385000; 0.00; 0.00; 0.00
5345207.651001; 0.00; 0.00; 0.00
5362120.989001; 0.00; 0.00; 0.00
5377351.995001; 0.00; 0.00; 0.00
5392361.747002; 0.00; 0.00; 0.00
5408355.080001; 0.00; 0.00; 0.00
5425015.183001; 0.00; 0.00; 0.00
5440366.533001; 0.00; 0.00; 0.00
5456434.689001; 0.00; 0.00; 0.00
5473848.812000; 0.00; 0.00; 0.00
5490280.925000; 0.00; 0.00; 0.00
5504487.670000; 0.00; 0.00; 0.00
5520348.798000; 0.00; 0.00; 0.00
5538174.941999; 0.00; 0.00; 0.00
5553177.297001; 0.00; 0.00; 0.00
5570336.241002; 0.00; 0.00; 0.00
5584365.008001; 0.00; 0.00; 0.00
5601455.002001; 0.00; 0.00; 0.00
5617462.785000; 0.00; 0.00; 0.00
5633608.988001; 0.00; 0.00; 0.00
5651429.287000; 0.00; 0.00; 0.00
5664447.603999; 0.00; 0.00; 0.00
5682022.082002; 0.00; 0.00; 0.00
5696327.955000; 0.00; 0.00; 0.00
5712339.893001; 0.00; 0.00; 0.00
5729635.567000; 0.00; 0.00; 0.00
5744360.477000; 0.00; 0.00; 0.00
5762229.455001; 0.00; 0.00; 0.00
5776849.516000; 0.00; 0.00; 0.00
5794558.419001; 0.00; 0.00; 0.00
5808332.412999; 0.00; 0.00; 0.00
5824872.165000; 0.00; 0.00; 0.00
5840527.238001; 0.00; 0.00; 0.00
5856355.811000; 0.00; 0.00; 0.00
5873723.006000; 0.00; 0.00; 0.00
5888361.340000; 0.00; 0.00; 0.00
5904768.386002; 0.00; 0.00; 0.00
5923428.051002; 0.00; 0.00; 0.00
5937739.316002; 0.00; 0.00; 0.00
5954043.467000; 0.00; 0.00; 0.00
5969086.716001; 0.00; 0.00; 0.00
5986903.704001; 0.00; 0.00; 0.00
6001458.771002; 0.00; 0.00; 0.00
6017764.409000; 0.00; 0.00; 0.00
6032377.541000; 0.00; 0.00; 0.00
6048633.440001; 0.00; 0.00; 0.00
6065112.952002; 0.00; 0.00; 0.00
6081183.260001; 0.00; 0.00; 0.00
6098221.351000; 0.00; 0.00; 0.00
6112340.299000; 0.00; 0.00; 0.00
6128372.609001; 0.00; 0.00; 0.00
6144718.486001; 0.00; 0.00; 0.00
6161120.850000; 0.00; 0.00; 0.00
6177742.792001; 0.00; 0.00; 0.00
6192404.037999; 0.00; 0.00; 0.00
6208392.658000; 0.00; 0.00; 0.00
6224539.256001; 0.00; 0.00; 0.00
6240355.929000; 0.00; 0.00; 0.00
6256358.098001; 0.00; 0.00; 0.00
6272349.560000; 0.00; 0.00; 0.00
6289333.745001; 0.00; 0.00; 0.00
6304422.605000; 0.00; 0.00; 0.00
6320526.434000; 0.00; 0.00; 0.00
6339967.016000; 0.00; 0.00; 0.00
6354785.399002; 0.00; 0.00; 0.00
6368704.648001; 0.00; 0.00; 0.00
6387256.127000; 0.00; 0.00; 0.00
6400599.859000; 0.00; 0.00; 0.00
6416361.097001; 0.00; 0.00; 0.00
6433009.626000; 0.00; 0.00; 0.00
6448391.297999; 0.00; 0.00; 0.00
6465185.110001; 0.00; 0.00; 0.00
6481501.574000; 0.00; 0.00; 0.00
6496375.883000; 0.00; 0.00; 0.00
6512364.024000; 0.00; 0.00; 0.00
6529405.684002; 0.00; 0.00; 0.00
6544298.179001; 0.00; 0.00; 0.00
6560454.218001; 0.00; 0.00; 0.00
6577601.156000; 0.00; 0.00; 0.00
6592408.495001; 0.00; 0.00; 0.00
6610034.861000; 0.00; 0.00; 0.00
6624337.590000; 0.00; 0.00; 0.00
6640473.222001; 0.00; 0.00; 0.00
6656377.226000; 0.00; 0.00; 0.00
6672361.934001; 0.00; 0.00; 0.00
6688366.798000; 0.00; 0.00; 0.00
6704346.548000; 0.00; 0.00; 0.00
6720356.798000; 0.00; 0.00; 0.00
6737178.765001; 0.00; 0.00; 0.00
6752377.845000; 0.00; 0.00; 0.00
6768580.966000; 0.00; 0.00; 0.00
6786662.280002; 0.00; 0.00; 0.00
6800404.301001; 0.00; 0.00; 0.00
6816362.291000; 0.00; 0.00; 0.00
6832363.001000; 0.00; 0.00; 0.00
6848666.750000; 0.00; 0.00; 0.00
6865722.127001; 0.00; 0.00; 0.00
6880582.558001; 0.00; 0.00; 0.00
6898524.251001; 0.00; 0.00; 0.00
6912360.790000; 0.00; 0.00; 0.00
6928608.617000; 0.00; 0.00; 0.00
6944327.095000; 0.00; 0.00; 0.00
6962129.417002; 0.00; 0.00; 0.00
6976356.659001; 0.00; 0.00; 0.00
6993645.020000; 0.00; 0.00; 0.00
7009957.130001; 0.00; 0.00; 0.00
7024930.323002; 0.00; 0.00; 0.00
7042661.248000; 0.00; 0.00; 0.00
7056377.579000; 0.00; 0.00; 0.00
7072345.922001; 0.00; 0.00; 0.00
7089514.093001; 0.00; 0.00; 0.00
7105924.656000; 0.00; 0.00; 0.00
7120351.848000; 0.00; 0.00; 0.00
7137323.010000; 0.00; 0.00; 0.00
7154752.332001; 0.00; 0.00; 0.00
7169904.730001; 0.00; 0.00; 0.00
7185837.874001; 0.00; 0.00; 0.00
7200375.420000; 0.00; 0.00; 0.00
7217153.741000; 0.00; 0.00; 0.00
7234110.971000; 0.00; 0.00; 0.00
7248484.521001; 0.00; 0.00; 0.00
7266551.776000; 0.00; 0.00; 0.00
7280841.870001; 0.00; 0.00; 0.00
7298436.415000; 0.00; 0.00; 0.00
7312341.659001; 0.00; 0.00; 0.00
7330602.987000; 0.00; 0.00; 0.00
7344327.149000; 0.00; 0.00; 0.00
7361561.003001; 0.00; 0.00; 0.00
7376345.598001; 0.00; 0.00; 0.00
7393703.408001; 0.00; 0.00; 0.00
7408387.969001; 0.00; 0.00; 0.00
7424419.172999; 0.00; 0.00; 0.00
7442261.365001; 0.00; 0.00; 0.00
7456360.754001; 0.00; 0.00; 0.00
7473969.509002; 0.00; 0.00; 0.00
7488243.205000; 0.00; 0.00; 0.00
7505390.684001; 0.00; 0.00; 0.00
7522451.601001; 0.00; 0.00; 0.00
7537095.931001; 0.00; 0.00; 0.00
7553539.359000; 0.00; 0.00; 0.00
7568663.490000; 0.00; 0.00; 0.00
7584373.842001; 0.00; 0.00; 0.00
7602416.986001; 0.00; 0.00; 0.00
7616704.382001; 0.00; 0.00; 0.00
7632874.428000; 0.00; 0.00; 0.00
7651526.487000; 0.00; 0.00; 0.00
7665550.606000; 0.00; 0.00; 0.00
7680858.921000; 0.00; 0.00; 0.00
7696684.097001; 0.00; 0.00; 0.00
7715259.049001; 0.00; 0.00; 0.00
7729866.117001; 0.00; 0.00; 0.00
7744450.590000; 0.00; 0.00; 0.00
7760352.891001; 0.00; 0.00; 0.00
7776474.481002; 0.00; 0.00; 0.00
7792383.541000; 0.00; 0.00; 0.00
7808349.717999; 0.00; 0.00; 0.00
7824367.721002; 0.00; 0.00; 0.00
7842133.191000; 0.00; 0.00; 0.00
7857314.698000; 0.00; 0.00; 0.00
7874461.136000; 0.00; 0.00; 0.00
7889673.854001; 0.00; 0.00; 0.00
7905751.736000; 0.00; 0.00; 0.00
7921001.399000; 0.00; 0.00; 0.00
7938539.658000; 0.00; 0.00; 0.00
7952356.314001; 0.00; 0.00; 0.00
7968357.007001; 0.00; 0.00; 0.00
7987038.423000; 0.00; 0.00; 0.00
8000376.689001; 0.00; 0.00; 0.00
8016365.453001; 0.00; 0.00; 0.00
8032371.913001; 0.00; 0.00; 0.00
8048414.405001; 0.00; 0.00; 0.00
8066245.075001; 0.00; 0.00; 0.00
8080569.561000; 0.00; 0.00; 0.00
8096749.340000; 0.00; 0.00; 0.00
8115092.100001; 0.00; 0.00; 0.00
8129142.695002; 0.00; 0.00; 0.00
8145801.541001; 0.00; 0.00; 0.00
8160356.380001; 0.00; 0.00; 0.00
8176974.535002; 0.00; 0.00; 0.00
8193599.390001; 0.00; 0.00; 0.00
8208407.448001; 0.00; 0.00; 0.00
8225855.529001; 0.00; 0.00; 0.00
8242020.447001; 0.00; 0.00; 0.00
8256613.646001; 0.00; 0.00; 0.00
8273796.587001; 0.00; 0.00; 0.00
8288504.275001; 0.00; 0.00; 0.00
8305236.940001; 0.00; 0.00; 0.00
8322708.527001; 0.00; 0.00; 0.00
8338028.997002; 0.00; 0.00; 0.00
8352476.938001; 0.00; 0.00; 0.00
8369505.168001; 0.00; 0.00; 0.00
8386088.815001; 0.00; 0.00; 0.00
8400370.422000; 0.00; 0.00; 0.00
8417405.284001; 0.00; 0.00; 0.00
8432420.545001; 0.00; 0.00; 0.00
8448394.585001; 0.00; 0.00; 0.00
8464739.443000; 0.00; 0.00; 0.00
8482100.096001; 0.00; 0.00; 0.00
8497121.253000; 0.00; 0.00; 0.00
8513466.189001; 0.00; 0.00; 0.00
8528339.667001; 0.00; 0.00; 0.00
8547460.942000; 0.00; 0.00; 0.00
8560846.726001; 0.00; 0.00; 0.00
8576490.355001; 0.00; 0.00; 0.00
8592732.831001; 0.00; 0.00; 0.00
8609599.372002; 0.00; 0.00; 0.00
8624256.223001; 0.00; 0.00; 0.00
8641743.765000; 0.00; 0.00; 0.00
8657896.385001; 0.00; 0.00; 0.00
8672373.135001; 0.00; 0.00; 0.00
8689827.924000; 0.00; 0.00; 0.00
8704471.805000; 0.00; 0.00; 0.00
8722124.565001; 0.00; 0.00; 0.00
8737240.024000; 0.00; 0.00; 0.00
8754000.223001; 0.00; 0.00; 0.00
8768909.460999; 0.00; 0.00; 0.00
8786500.045000; 0.00; 0.00; 0.00
8800366.138001; 0.00; 0.00; 0.00
8816370.160001; 0.00; 0.00; 0.00
8833765.010000; 0.00; 0.00; 0.00
8848360.576001; 0.00; 0.00; 0.00
8865576.144001; 0.00; 0.00; 0.00
8883000.324000; 0.00; 0.00; 0.00
8896486.708000; 0.00; 0.00; 0.00
8914003.567001; 0.00; 0.00; 0.00
8928360.902000; 0.00; 0.00; 0.00
8944488.734000; 0.00; 0.00; 0.00
8960358.661001; 0.00; 0.00; 0.00
8976345.086001; 0.00; 0.00; 0.00
8993387.513001; 0.00; 0.00; 0.00
9008352.670000; 0.00; 0.00; 0.00
9024364.109000; 0.00; 0.00; 0.00
9042319.739001; 0.00; 0.00; 0.00
9056386.708000; 0.00; 0.00; 0.00
9072371.262000; 0.00; 0.00; 0.00
9088391.042000; 0.00; 0.00; 0.00
9104702.845001; 0.00; 0.00; 0.00
9120363.517001; 0.00; 0.00; 0.00
9136977.845001; 0.00; 0.00; 0.00
9155165.501001; 0.00; 0.00; 0.00
9169087.326000; 0.00; 0.00; 0.00
9185169.068000; 0.00; 0.00; 0.00
9200438.921000; 0.00; 0.00; 0.00
9218675.445999; 0.00; 0.00; 0.00
9234391.135000; 0.00; 0.00; 0.00
9248765.088001; 0.00; 0.00; 0.00
9267411.167001; 0.00; 0.00; 0.00
9281857.823000; 0.00; 0.00; 0.00
9298721.247000; 0.00; 0.00; 0.00
9313455.817000; 0.00; 0.00; 0.00
9328380.527000; 0.00; 0.00; 0.00
9345659.231000; 0.00; 0.00; 0.00
9361170.934001; 0.00; 0.00; 0.00
9377946.133000; 0.00; 0.00; 0.00
9392336.121000; 0.00; 0.00; 0.00
9410108.354001; 0.00; 0.00; 0.00
9424464.342001; 0.00; 0.00; 0.00
9440580.122001; 0.00; 0.00; 0.00
9458103.194000; 0.00; 0.00; 0.00
9472341.852001; 0.00; 0.00; 0.00
9488526.643002; 0.00; 0.00; 0.00
9504304.873000; 0.00; 0.00; 0.00
9521884.543001; 0.00; 0.00; 0.00
9538877.404000; 0.00; 0.00; 0.00
9552723.877002; 0.00; 0.00; 0.00
9571189.575002; 0.00; 0.00; 0.00
9585430.632000; 0.00; 0.00; 0.00
9600269.654000; 0.00; 0.00; 0.00
9616392.045000; 0.00; 0.00; 0.00
9633805.088000; 0.00; 0.00; 0.00
9651489.771001; 0.00; 0.00; 0.00
9666646.653001; 0.00; 0.00; 0.00
9680704.891000; 0.00; 0.00; 0.00
9696418.783000; 0.00; 0.00; 0.00
9712592.177001; 0.00; 0.00; 0.00
9729821.763000; 0.00; 0.00; 0.00
9744371.231000; 0.00; 0.00; 0.00
9760356.649000; 0.00; 0.00; 0.00
9778076.679001; 0.00; 0.00; 0.00
9793364.912001; 0.00; 0.00; 0.00
9810440.368001; 0.00; 0.00; 0.00
9825462.249001; 0.00; 0.00; 0.00
9840432.757001; 0.00; 0.00; 0.00
9856276.324001; 0.00; 0.00; 0.00
9872365.787000; 0.00; 0.00; 0.00
9890292.867000; 0.00; 0.00; 0.00
9906301.474001; 0.00; 0.00; 0.00
9920842.328000; 0.00; 0.00; 0.00
9938284.777001; 0.00; 0.00; 0.00
9952721.885000; 0.00; 0.00; 0.00
9969324.774000; 0.00; 0.00; 0.00
9984422.214001; 0.00; 0.00; 0.00
10000572.695001; 0.00; 0.00; 0.00
10016629.599001; 0.00; 0.00; 0.00
10032362.276001; 0.00; 0.00; 0.00
10050973.145000; 0.00; 0.00; 0.00
10065373.234000; 0.00; 0.00; 0.00
10080388.665001; 0.00; 0.00; 0.00
10096481.136002; 0.00; 0.00; 0.00
10112393.312000; 0.00; 0.00; 0.00
10128659.132001; 0.00; 0.00; 0.00
10144253.542002; 0.00; 0.00; 0.00
10161565.177001; 0.00; 0.00; 0.00
10177619.047001; 0.00; 0.00; 0.00
10193114.648001; 0.00; 0.00; 0.00
10208680.371001; 0.00; 0.00; 0.00
10224756.767000; 0.00; 0.00; 0.00
10241121.028001; 0.00; 0.00; 0.00
10258296.361001; 0.00; 0.00; 0.00
10273470.782001; 0.00; 0.00; 0.00
10289235.283001; 0.00; 0.00; 0.00
10304262.763000; 0.00; 0.00; 0.00
10324312.659000; 0.00; 0.00; 0.00
10339437.494000; 0.00; 0.00; 0.00
10352573.012000; 0.00; 0.00; 0.00
10368576.301001; 0.00; 0.00; 0.00
10385476.032001; 0.00; 0.00; 0.00
10400368.283001; 0.00; 0.00; 0.00
10416917.645000; 0.00; 0.00; 0.00
10434464.542001; 0.00; 0.00; 0.00
10448366.671000; 0.00; 0.00; 0.00
10466032.231001; 0.00; 0.00; 0.00
10480619.462000; 0.00; 0.00; 0.00
10497279.180001; 0.00; 0.00; 0.00
10513243.208001; 0.00; 0.00; 0.00
10530343.224000; 0.00; 0.00; 0.00
10545859.006001; 0.00; 0.00; 0.00
10562416.267001; 0.00; 0.00; 0.00
10577640.983000; 0.00; 0.00; 0.00
10592268.060000; 0.00; 0.00; 0.00
10609373.353000; 0.00; 0.00; 0.00
10624490.802000; 0.00; 0.00; 0.00
10642009.664000; 0.00; 0.00; 0.00
10656614.151001; 0.00; 0.00; 0.00
10673310.221001; 0.00; 0.00; 0.00
10688370.046000; 0.00; 0.00; 0.00
10704367.587001; 0.00; 0.00; 0.00
10722011.916001; 0.00; 0.00; 0.00
10736714.894001; 0.00; 0.00; 0.00
10752359.591001; 0.00; 0.00; 0.00
10769815.136001; 0.00; 0.00; 0.00
10784346.092000; 0.00; 0.00; 0.00
10800404.662999; 0.00; 0.00; 0.00
10818055.805001; 0.00; 0.00; 0.00
10832366.962001; 0.00; 0.00; 0.00
10849516.889001; 0.00; 0.00; 0.00
10866456.767000; 0.00; 0.00; 0.00
10881437.767001; 0.00; 0.00; 0.00
10898319.719001; 0.00; 0.00; 0.00
10912422.143002; 0.00; 0.00; 0.00
10930444.212002; 0.00; 0.00; 0.00
10947476.495001; 0.00; 0.00; 0.00
10960677.430001; 0.00; 0.00; 0.00
10978414.820000; 0.00; 0.00; 0.00
10993407.375001; 0.00; 0.00; 0.00
11008477.160000; 0.00; 0.00; 0.00
11026156.839000; 0.00; 0.00; 0.00
11040340.034000; 0.00; 0.00; 0.00
11056269.013001; 0.00; 0.00; 0.00
11072371.134000; 0.00; 0.00; 0.00
11088466.940001; 0.00; 0.00; 0.00
11106454.124002; 0.00; 0.00; 0.00
11121170.643001; 0.00; 0.00; 0.00
11137847.708000; 0.00; 0.00; 0.00
11154208.161001; 0.00; 0.00; 0.00
11168608.928001; 0.00; 0.00; 0.00
11185994.378000; 0.00; 0.00; 0.00
11200357.410000; 0.00; 0.00; 0.00
11216360.162000; 0.00; 0.00; 0.00
11234006.801001; 0.00; 0.00; 0.00
11248472.198000; 0.00; 0.00; 0.00
11264906.959001; 0.00; 0.00; 0.00
11280706.865001; 0.00; 0.00; 0.00
11298232.326000; 0.00; 0.00; 0.00
11313235.037000; 0.00; 0.00; 0.00
11329590.699001; 0.00; 0.00; 0.00
11344844.149000; 0.00; 0.00; 0.00
11360364.988001; 0.00; 0.00; 0.00
11376363.668000; 0.00; 0.00; 0.00
11392373.372001; 0.00; 0.00; 0.00
11411047.505001; 0.00; 0.00; 0.00
11424967.238002; 0.00; 0.00; 0.00
11442774.830001; 0.00; 0.00; 0.00
11457189.412001; 0.00; 0.00; 0.00
11472358.874001; 0.00; 0.00; 0.00
11488416.190001; 0.00; 0.00; 0.00
11505360.826001; 0.00; 0.00; 0.00
11520369.745000; 0.00; 0.00; 0.00
11536603.617001; 0.00; 0.00; 0.00
11553676.049000; 0.00; 0.00; 0.00
11568362.304001; 0.00; 0.00; 0.00
11586528.612001; 0.00; 0.00; 0.00
11600368.387001; 0.00; 0.00; 0.00
11616889.702000; 0.00; 0.00; 0.00
11632360.347001; 0.00; 0.00; 0.00
11651423.353000; 0.00; 0.00; 0.00
11665465.501001; 0.00; 0.00; 0.00
11683428.259001; 0.00; 0.00; 0.00
11696660.700000; 0.00; 0.00; 0.00
11713834.810000; 0.00; 0.00; 0.00
11728337.521001; 0.00; 0.00; 0.00
11746361.127000; 0.00; 0.00; 0.00
11760709.762001; 0.00; 0.00; 0.00
11776361.089000; 0.00; 0.00; 0.00
11792261.134001; 0.00; 0.00; 0.00
11808356.135000; 0.00; 0.00; 0.00
11824355.068000; 0.00; 0.00; 0.00
11840292.961000; 0.00; 0.00; 0.00
11856345.378001; 0.00; 0.00; 0.00
11873158.530002; 0.00; 0.00; 0.00
11888351.808001; 0.00; 0.00; 0.00
11904361.644000; 0.00; 0.00; 0.00
11921721.411000; 0.00; 0.00; 0.00
11936372.545001; 0.00; 0.00; 0.00
11954270.015000; 0.00; 0.00; 0.00
11968361.078002; 0.00; 0.00; 0.00
11984371.290001; 0.00; 0.00; 0.00
12002362.537999; 0.00; 0.00; 0.00
12016358.510000; 0.00; 0.00; 0.00
12033085.641001; 0.00; 0.00; 0.00
12051331.566001; 0.00; 0.00; 0.00
12066168.954001; 0.00; 0.00; 0.00
12081589.558001; 0.00; 0.00; 0.00
12096483.562000; 0.00; 0.00; 0.00
12114223.099001; 0.00; 0.00; 0.00
12129791.151999; 0.00; 0.00; 0.00
12144374.018001; 0.00; 0.00; 0.00
12162633.824000; 0.00; 0.00; 0.00
12176335.824000; 0.00; 0.00; 0.00
12192373.867002; 0.00; 0.00; 0.00
12209418.401001; 0.00; 0.00; 0.00
12224345.579000; 0.00; 0.00; 0.00
12242068.417002; 0.00; 0.00; 0.00
12256343.807002; 0.00; 0.00; 0.00
12272747.868001; 0.00; 0.00; 0.00
12288350.574001; 0.00; 0.00; 0.00
12304361.014002; 0.00; 0.00; 0.00
12320374.698000; 0.00; 0.00; 0.00
12337922.116000; 0.00; 0.00; 0.00
12355291.886001; 0.00; 0.00; 0.00
12368711.121000; 0.00; 0.00; 0.00
12386477.760001; 0.00; 0.00; 0.00
12400418.004002; 0.00; 0.00; 0.00
12416938.053000; 0.00; 0.00; 0.00
12434053.318001; 0.00; 0.00; 0.00
12448393.262001; 0.00; 0.00; 0.00
12466567.675001; 0.00; 0.00; 0.00
12481275.487000; 0.00; 0.00; 0.00
12498752.179001; 0.00; 0.00; 0.00
12512509.886001; 0.00; 0.00; 0.00
12528338.091001; 0.00; 0.00; 0.00
12544722.267001; 0.00; 0.00; 0.00
12560354.412001; 0.00; 0.00; 0.00
12578094.729001; 0.00; 0.00; 0.00
12592637.820001; 0.00; 0.00; 0.00
12609907.588001; 0.00; 0.00; 0.00
12626225.042001; 0.00; 0.00; 0.00
12640874.993000; 0.00; 0.00; 0.00
12657328.724999; 0.00; 0.00; 0.00
12678956.219001; 0.00; 0.00; 0.00
12690462.627001; 0.00; 0.00; 0.00
12704353.830001; 0.00; 0.00; 0.00
12721943.091002; 0.00; 0.00; 0.00
12738526.102001; 0.00; 0.00; 0.00
12752366.941001; 0.00; 0.00; 0.00
12768999.096001; 0.00; 0.00; 0.00
12786428.775001; 0.00; 0.00; 0.00
12800388.091001; 0.00; 0.00; 0.00
12818482.840000; 0.00; 0.00; 0.00
12832360.415001; 0.00; 0.00; 0.00
12849893.480001; 0.00; 0.00; 0.00
12864851.483001; 0.00; 0.00; 0.00
12881742.608001; 0.00; 0.00; 0.00
12898513.620001; 0.00; 0.00; 0.00
12913646.418001; 0.00; 0.00; 0.00
12928336.406000; 0.00; 0.00; 0.00
12946339.004001; 0.00; 0.00; 0.00
12960361.154001; 0.00; 0.00; 0.00
12977848.738001; 0.00; 0.00; 0.00
12992870.899002; 0.00; 0.00; 0.00
13009132.404000; 0.00; 0.00; 0.00
13024975.789000; 0.00; 0.00; 0.00
13042366.130001; 0.00; 0.00; 0.00
13056440.816999; 0.00; 0.00; 0.00
13073640.315001; 0.00; 0.00; 0.00
13088304.834001; 0.00; 0.00; 0.00
13104953.092001; 0.00; 0.00; 0.00
13120363.731999; 0.00; 0.00; 0.00
13137497.152000; 0.00; 0.00; 0.00
13155023.520001; 0.00; 0.00; 0.00
13168345.059999; 0.00; 0.00; 0.00
13185675.641000; 0.00; 0.00; 0.00
13200602.193002; 0.00; 0.00; 0.00
13216407.242001; 0.00; 0.00; 0.00
13233535.951000; 0.00; 0.00; 0.00
13248363.559000; 0.00; 0.00; 0.00
13265672.042001; 0.00; 0.00; 0.00
13282589.318000; 0.00; 0.00; 0.00
13296467.392000; 0.00; 0.00; 0.00
13314376.761001; 0.00; 0.00; 0.00
13330445.422000; 0.00; 0.00; 0.00
13344248.777001; 0.00; 0.00; 0.00
13360356.145000; 0.00; 0.00; 0.00
13378487.076001; 0.00; 0.00; 0.00
13394173.053000; 0.00; 0.00; 0.00
13408385.052000; 0.00; 0.00; 0.00
13424365.497000; 0.00; 0.00; 0.00
13441606.847001; 0.00; 0.00; 0.00
13456378.496001; 0.00; 0.00; 0.00
13473024.395000; 0.00; 0.00; 0.00
13489512.759001; 0.00; 0.00; 0.00
13508779.598001; 0.00; 0.00; 0.00
13520987.530001; 0.00; 0.00; 0.00
13537915.097001; 0.00; 0.00; 0.00
13553200.455001; 0.00; 0.00; 0.58
13569224.028001; 0.00; 0.00; 1.29
13586278.427002; 0.00; 0.00; 2.05
13600372.285001; 0.00; 0.00; 2.66
13617690.681000; 0.00; 0.00; 3.44
13632423.512001; 0.00; 0.00; 4.08
13648350.226000; 0.00; 0.00; 4.72
13665056.965000; 0.00; 0.00; 5.55
13681747.768000; 0.00; 0.00; 6.29
13699161.150001; 0.00; 0.00; 7.06
13712327.982001; 0.00; 0.00; 7.64
13729868.123000; 0.00; 0.00; 8.42
13744369.012000; 0.00; 0.00; 9.04
13762433.029000; 0.00; 0.00; 9.87
13776785.770000; 0.00; 0.00; 10.46
13795039.603999; 0.00; 0.00; 11.28
13809948.423001; 0.00; 0.00; 11.98
13824358.722001; 0.00; 0.00; 12.57
13842902.784001; 0.00; 0.00; 13.42
13856365.498000; 0.00; 0.00; 14.03
13875187.644000; 0.00; 0.00; 14.84
13888355.616000; 0.00; 0.00; 15.43
13906344.804000; 0.00; 0.00; 16.26
13920996.828001; 0.00; 0.00; 16.87
13936831.070002; 0.00; 0.00; 17.61
13952361.556002; 0.00; 0.00; 18.30
13970670.735000; 0.00; 0.00; 19.12
13984282.796000; 0.00; 0.00; 19.70
14002045.036001; 0.00; 0.00; 20.51
14016472.490001; 0.00; 0.00; 21.15
14032368.535000; 0.00; 0.00; 21.85
14048925.046000; 0.00; 0.00; 22.59
14064775.452000; 0.00; 0.00; 23.19
14081338.425000; 0.00; 0.00; 24.03
14096600.292000; 0.00; 0.00; 24.70
14112358.134000; 0.00; 0.00; 25.35
14129486.138001; 0.00; 0.00; 26.16
14144360.839001; 0.00; 0.00; 26.79
14161677.021001; 0.00; 0.00; 27.59
14176347.670000; 0.00; 0.00; 28.22
14192436.648000; 0.00; 0.00; 28.93
14208372.701000; 0.00; 0.00; 29.65
14226137.056002; 0.00; 0.00; 30.45
14240465.739000; 0.00; 0.00; 31.06
14256757.205002; 0.00; 0.00; 31.82
14272376.258001; 0.00; 0.00; 32.47
14288400.566000; 0.00; 0.00; 33.21
14307085.378001; 0.00; 0.00; 34.02
14320636.034001; 0.00; 0.00; 34.65
14336365.434001; 0.00; 0.00; 35.35
14352340.181000; 0.00; 0.00; 36.01
14369676.411001; 0.00; 0.00; 36.83
14384354.582001; 0.00; 0.00; 37.46
14401511.301002; 0.00; 0.00; 38.24
14419102.017000; 0.00; 0.00; 38.99
14434069.309000; 0.00; 0.00; 39.69
14449771.026001; 0.00; 0.00; 40.38
14464301.597001; 0.00; 0.00; 40.99
14481981.945001; 0.00; 0.00; 41.81
14496566.529000; 0.00; 0.00; 42.43
14513647.474002; 0.00; 0.00; 43.22
14528380.085001; 0.00; 0.00; 43.83
14544330.197001; 0.00; 0.00; 44.37
14561555.136001; 0.01; 0.01; 44.41
14578320.902001; 0.01; 0.01; 44.44
14593438.854001; 0.02; 0.02; 44.46
14608344.564001; 0.02; 0.02; 44.49
14626101.122000; 0.03; 0.03; 44.52
14642482.794002; 0.04; 0.04; 44.55
14656836.046000; 0.04; 0.04; 44.57
14674807.515001; 0.05; 0.05; 44.61
14688973.564001; 0.05; 0.05; 44.63
14705974.117000; 0.06; 0.06; 44.66
14721299.090000; 0.06; 0.06; 44.69
14737375.432000; 0.07; 0.07; 44.72
14752370.331000; 0.08; 0.07; 44.74
14768357.613001; 0.08; 0.08; 44.77
14784365.870001; 0.09; 0.09; 44.80
14800540.079001; 0.09; 0.09; 44.83
14817361.094002; 0.10; 0.10; 44.86
14832828.564001; 0.10; 0.10; 44.89
14848364.929002; 0.11; 0.11; 44.92
14864445.082002; 0.12; 0.11; 44.95
14880440.139001; 0.12; 0.12; 44.97
14897885.710999; 0.13; 0.13; 45.01
14915337.795001; 0.13; 0.13; 45.04
14929208.821001; 0.14; 0.14; 45.06
14946421.672001; 0.14; 0.14; 45.09
14960390.788001; 0.15; 0.15; 45.12
14979197.135001; 0.16; 0.15; 45.15
14992365.263000; 0.16; 0.16; 45.17
15008352.647001; 0.17; 0.16; 45.20
15024484.596001; 0.17; 0.17; 45.23
15040355.356999; 0.18; 0.18; 45.26
15058226.782001; 0.18; 0.18; 45.29
15074125.037002; 0.19; 0.19; 45.32
15088355.462000; 0.19; 0.19; 45.35
15104464.440001; 0.20; 0.20; 45.37
15122233.575001; 0.21; 0.21; 45.41
15136858.734000; 0.21; 0.21; 45.43
15154302.024002; 0.22; 0.22; 45.46
15169132.392001; 0.22; 0.22; 45.49
15184497.135000; 0.23; 0.23; 45.51
15203067.693001; 0.23; 0.23; 45.55
15216381.441000; 0.24; 0.24; 45.57
15233912.330999; 0.25; 0.25; 45.61
15249246.324000; 0.25; 0.25; 45.63
15266425.348001; 0.26; 0.26; 45.66
15281299.051002; 0.26; 0.26; 45.69
15297883.336001; 0.27; 0.27; 45.72
15314126.589001; 0.27; 0.27; 45.75
15328409.370001; 0.28; 0.28; 45.77
15345433.691000; 0.28; 0.29; 45.80
15360401.088001; 0.29; 0.29; 45.83
15376302.482000; 0.30; 0.30; 45.86
15392365.415001; 0.30; 0.30; 45.89
15410785.511000; 0.31; 0.31; 45.92
15425218.551000; 0.31; 0.31; 45.95
15440367.219001; 0.32; 0.32; 45.97
15456355.846000; 0.32; 0.33; 46.00
15474289.936999; 0.33; 0.33; 46.03
15488561.070001; 0.33; 0.34; 46.06
15505899.891001; 0.34; 0.34; 46.09
15520366.800000; 0.35; 0.35; 46.12
15537441.891000; 0.35; 0.35; 46.15
15553844.694001; 0.36; 0.36; 46.14
15568726.673000; 0.36; 0.37; 46.13
15585110.900000; 0.37; 0.37; 46.11
15600367.143002; 0.37; 0.38; 46.09
15617854.226001; 0.38; 0.38; 46.08
15632355.989001; 0.38; 0.39; 46.06
15652919.719002; 0.39; 0.39; 46.04
15664366.632000; 0.40; 0.40; 46.03
15682349.200001; 0.40; 0.41; 46.01
15698645.628001; 0.41; 0.41; 46.00
15713043.272001; 0.41; 0.42; 45.98
15730324.301002; 0.42; 0.42; 45.96
15744342.781000; 0.42; 0.43; 45.95
15760340.681000; 0.43; 0.43; 45.94
15777710.790001; 0.43; 0.44; 45.92
15792377.469001; 0.44; 0.45; 45.90
15809841.708000; 0.45; 0.45; 45.89
15825038.480000; 0.45; 0.46; 45.87
15840383.812001; 0.46; 0.46; 45.86
15857455.718000; 0.46; 0.47; 45.84
15872370.030000; 0.47; 0.47; 45.82
15890819.634000; 0.47; 0.48; 45.81
15904698.291000; 0.48; 0.49; 45.79
15922022.664001; 0.49; 0.49; 45.77
15936238.472001; 0.49; 0.50; 45.76
15953638.046000; 0.50; 0.50; 45.74
15968402.777000; 0.50; 0.51; 45.73
15986118.002000; 0.51; 0.52; 45.71
16000386.119000; 0.51; 0.52; 45.70
16017204.132001; 0.52; 0.53; 45.68
16034490.700000; 0.52; 0.53; 45.66
16048391.629000; 0.53; 0.54; 45.65
16065985.090000; 0.54; 0.54; 45.63
16081014.440001; 0.54; 0.55; 45.62
16096442.574000; 0.55; 0.56; 45.60
16112882.193000; 0.55; 0.56; 45.58
16130154.818000; 0.56; 0.57; 45.57
16146264.084001; 0.56; 0.57; 45.55
16161009.693000; 0.57; 0.58; 45.54
16176359.216001; 0.57; 0.58; 45.52
16192365.500999; 0.58; 0.59; 45.51
16208354.737000; 0.59; 0.59; 45.49
16225927.637001; 0.59; 0.60; 45.47
16240962.327000; 0.60; 0.61; 45.46
16257397.257999; 0.60; 0.61; 45.44
16272742.644000; 0.61; 0.62; 45.43
16289152.689001; 0.61; 0.62; 45.41
16304961.717000; 0.62; 0.63; 45.40
16322454.429001; 0.63; 0.64; 45.38
16336370.894000; 0.63; 0.64; 45.36
16352342.376000; 0.64; 0.65; 45.35
16370462.878000; 0.64; 0.65; 45.33
16384385.831001; 0.65; 0.66; 45.32
16400363.995001; 0.65; 0.66; 45.30
16417562.716001; 0.66; 0.67; 45.28
16432368.365001; 0.66; 0.67; 45.27
16450092.868001; 0.67; 0.68; 45.25
16466715.174000; 0.68; 0.69; 45.23
16480759.757000; 0.68; 0.69; 45.22
16499742.674002; 0.69; 0.70; 45.20
16513441.645000; 0.69; 0.70; 45.19
16528376.086000; 0.70; 0.71; 45.17
16547424.981000; 0.70; 0.72; 45.16
16560295.559001; 0.71; 0.72; 45.14
16578162.876000; 0.72; 0.73; 45.12
16592352.755001; 0.72; 0.73; 45.11
16608360.569000; 0.73; 0.74; 45.10
16624400.213001; 0.73; 0.74; 45.08
16641547.503001; 0.74; 0.75; 45.06
16657455.284001; 0.74; 0.75; 45.05
16672356.126000; 0.75; 0.76; 45.03
16691964.722001; 0.76; 0.77; 45.01
16705959.330000; 0.76; 0.77; 45.00
16720549.241000; 0.77; 0.78; 44.98
16736938.626000; 0.77; 0.78; 44.97
16752358.840000; 0.78; 0.79; 44.95
16769184.003000; 0.78; 0.79; 44.93
16786269.827001; 0.79; 0.80; 44.92
16800399.266000; 0.79; 0.81; 44.90
16816466.581000; 0.80; 0.81; 44.89
16833869.528000; 0.81; 0.82; 44.87
16848665.016002; 0.81; 0.82; 44.86
16865193.830999; 0.82; 0.83; 44.84
16880742.066000; 0.82; 0.83; 44.82
16897459.962000; 0.83; 0.84; 44.81
16912605.472001; 0.83; 0.84; 44.79
16931762.370999; 0.84; 0.85; 44.77
16945905.192000; 0.85; 0.86; 44.76
16960358.056000; 0.85; 0.86; 44.75
16977877.608001; 0.86; 0.87; 44.73
16993367.311001; 0.86; 0.87; 44.71
17008733.137000; 0.87; 0.88; 44.70
17024532.302001; 0.87; 0.88; 44.68
17040809.976001; 0.88; 0.89; 44.67
17056409.408000; 0.88; 0.90; 44.65
17073488.214001; 0.89; 0.90; 44.63
17088358.339001; 0.90; 0.91; 44.62
17104390.841002; 0.90; 0.91; 44.60
17122358.797000; 0.91; 0.92; 44.58
17137248.611000; 0.91; 0.92; 44.57
17152367.850000; 0.92; 0.93; 44.56
17168357.823001; 0.92; 0.93; 44.54
17184354.919000; 0.93; 0.94; 44.52
17201433.925000; 0.94; 0.95; 44.51
17216352.440001; 0.94; 0.95; 44.49
17234281.028001; 0.95; 0.96; 44.47
17248878.127001; 0.95; 0.96; 44.46
17266551.199000; 0.96; 0.97; 44.44
17281115.935000; 0.96; 0.97; 44.43
17298218.076001; 0.97; 0.98; 44.41
17312785.710999; 0.98; 0.99; 44.40
17328354.080001; 0.98; 0.99; 44.38
17347372.293001; 0.99; 1.00; 44.36
17361181.065001; 0.99; 1.00; 44.35
17376354.401000; 1.00; 1.01; 44.33
17393530.244000; 1.01; 1.01; 44.32
17408364.566002; 1.01; 1.02; 44.30
17424261.917001; 1.02; 1.02; 44.29
17441400.197001; 1.02; 1.03; 44.27
17456304.439001; 1.03; 1.04; 44.25
17472248.066001; 1.03; 1.04; 44.24
17490337.285001; 1.04; 1.05; 44.22
17505120.895001; 1.04; 1.05; 44.21
17522243.933002; 1.05; 1.06; 44.19
17536469.526000; 1.06; 1.06; 44.17
17553315.356999; 1.06; 1.06; 44.17
17570476.130001; 1.05; 1.06; 44.17
17584798.150002; 1.05; 1.06; 44.17
17602235.316001; 1.05; 1.06; 44.17
17616368.253001; 1.05; 1.06; 44.17
17632399.738001; 1.05; 1.06; 44.17
17649656.628000; 1.05; 1.06; 44.17
17664515.112001; 1.05; 1.05; 44.17
17681852.291000; 1.04; 1.05; 44.17
17696483.986001; 1.04; 1.05; 44.17
17714170.483002; 1.04; 1.05; 44.17
17728368.152000; 1.04; 1.05; 44.17
17744255.195001; 1.04; 1.05; 44.17
17762584.241000; 1.04; 1.05; 44.17
17776780.755001; 1.04; 1.04; 44.17
17793972.212001; 1.04; 1.04; 44.17
17808270.838001; 1.03; 1.04; 44.17
17825467.688001; 1.03; 1.04; 44.17
17840358.703001; 1.03; 1.04; 44.17
17856450.622002; 1.03; 1.04; 44.17
17873587.859000; 1.03; 1.04; 44.17
17889592.015001; 1.03; 1.04; 44.17
17905786.380001; 1.03; 1.03; 44.17
17920473.938001; 1.02; 1.03; 44.17
17936365.715000; 1.02; 1.03; 44.17
17953963.761000; 1.02; 1.03; 44.17
17968371.714000; 1.02; 1.03; 44.17
17984356.275002; 1.02; 1.03; 44.17
18001275.199000; 1.02; 1.03; 44.17
18016361.488001; 1.02; 1.02; 44.17
18034282.888000; 1.01; 1.02; 44.17
18049277.162999; 1.01; 1.02; 44.17
18066374.401000; 1.01; 1.02; 44.17
18080898.073000; 1.01; 1.02; 44.17
18097392.122002; 1.01; 1.02; 44.17
18112316.535000; 1.01; 1.02; 44.17
18129453.011002; 1.01; 1.02; 44.17
18144349.927001; 1.01; 1.01; 44.17
18160345.715000; 1.00; 1.01; 44.17
18176588.207000; 1.00; 1.01; 44.17
18193453.854001; 1.00; 1.01; 44.17
18208367.052001; 1.00; 1.01; 44.17
18226171.077001; 1.00; 1.01; 44.17
18240339.542001; 1.00; 1.01; 44.17
18256346.259001; 1.00; 1.00; 44.17
18272221.333000; 0.99; 1.00; 44.17
18289648.894001; 0.99; 1.00; 44.17
18304348.000000; 0.99; 1.00; 44.17
18320490.445999; 0.99; 1.00; 44.17
18338161.362000; 0.99; 1.00; 44.17
18352276.858001; 0.99; 1.00; 44.17
18370078.545000; 0.99; 1.00; 44.17
18384518.529001; 0.98; 0.99; 44.17
18400993.173000; 0.98; 0.99; 44.17
18416348.648002; 0.98; 0.99; 44.17
18432369.668000; 0.98; 0.99; 44.17
18449705.814001; 0.98; 0.99; 44.17
18464362.513001; 0.98; 0.99; 44.17
18480534.564001; 0.98; 0.99; 44.17
18498214.498000; 0.98; 0.98; 44.17
18513856.631001; 0.97; 0.98; 44.17
18529710.176001; 0.97; 0.98; 44.17
18545200.851001; 0.97; 0.98; 44.17
18560333.595000; 0.97; 0.98; 44.18
18576353.443001; 0.97; 0.98; 44.18
18594210.231000; 0.97; 0.98; 44.18
18609032.597001; 0.97; 0.98; 44.19
18624360.866002; 0.97; 0.98; 44.19
18641584.458001; 0.97; 0.98; 44.19
18656687.222001; 0.97; 0.98; 44.20
18672264.107001; 0.97; 0.98; 44.20
18690525.184000; 0.97; 0.98; 44.20
18704355.648001; 0.97; 0.98; 44.20
18720354.489000; 0.98; 0.98; 44.21
18736438.741000; 0.98; 0.99; 44.21
18754656.631001; 0.98; 0.99; 44.21
18768359.803000; 0.98; 0.99; 44.22
18786090.863001; 0.98; 0.99; 44.22
18802250.695001; 0.98; 0.99; 44.22
18816233.750000; 0.98; 0.99; 44.23
18833924.574001; 0.98; 0.99; 44.23
18848375.812000; 0.98; 0.99; 44.23
18866502.368001; 0.98; 0.99; 44.24
18880657.673000; 0.98; 0.99; 44.24
18899061.965000; 0.98; 0.99; 44.24
18914057.142001; 0.98; 0.99; 44.25
18928512.070001; 0.98; 0.99; 44.25
18945734.814001; 0.98; 0.99; 44.25
18961000.465000; 0.98; 0.99; 44.26
18977956.620000; 0.98; 0.99; 44.26
18992372.518000; 0.98; 0.99; 44.26
19010040.126001; 0.98; 0.99; 44.27
19024400.274000; 0.98; 0.99; 44.27
19042704.207001; 0.98; 0.99; 44.27
19056380.829001; 0.98; 0.99; 44.27
19074204.132001; 0.98; 0.99; 44.28
19088363.475001; 0.98; 0.99; 44.28
19105918.940001; 0.98; 0.99; 44.28
19120497.565001; 0.98; 0.99; 44.29
19136379.349000; 0.98; 0.99; 44.29
19153665.297001; 0.98; 0.99; 44.29
19168355.527001; 0.98; 0.99; 44.30
19184699.414000; 0.98; 0.99; 44.30
19201168.743001; 0.98; 0.99; 44.30
19216375.873000; 0.98; 0.99; 44.31
19232437.025002; 0.99; 0.99; 44.31
19248630.296000; 0.99; 0.99; 44.31
19265558.717002; 0.99; 1.00; 44.32
19282556.335000; 0.99; 1.00; 44.32
19297462.109000; 0.99; 1.00; 44.32
19312634.711001; 0.99; 1.00; 44.32
19330065.547002; 0.99; 1.00; 44.33
19344332.820999; 0.99; 1.00; 44.33
19361859.514000; 0.99; 1.00; 44.33
19376279.564001; 0.99; 1.00; 44.34
19393528.377001; 0.99; 1.00; 44.34
19408653.675000; 0.99; 1.00; 44.34
19425558.237000; 0.99; 1.00; 44.35
19440708.693001; 0.99; 1.00; 44.35
19456929.627001; 0.99; 1.00; 44.35
19472378.148001; 0.99; 1.00; 44.36
19488468.004000; 0.99; 1.00; 44.36
19504473.082002; 0.99; 1.00; 44.36
19521666.533999; 0.99; 1.00; 44.37
19536356.543000; 0.99; 1.00; 44.37
19552528.833001; 0.99; 1.00; 44.37
19569217.533001; 0.99; 1.00; 44.38
19586789.876001; 0.99; 1.00; 44.38
19600549.912001; 0.99; 1.00; 44.38
19617996.767000; 0.99; 1.00; 44.39
19634464.365002; 0.99; 1.00; 44.39
19651768.603001; 0.99; 1.00; 44.39
19665469.369000; 0.99; 1.00; 44.40
19680428.063001; 0.99; 1.00; 44.40
19697815.885000; 0.99; 1.00; 44.40
19712266.575000; 0.99; 1.00; 44.40
19728417.434001; 0.99; 1.00; 44.41
19744356.583000; 0.99; 1.00; 44.41
19760362.404000; 0.99; 1.00; 44.41
19778122.477001; 0.99; 1.00; 44.42
19792809.568000; 0.99; 1.00; 44.42
19808363.309001; 0.99; 1.00; 44.42
19824906.670001; 0.99; 1.00; 44.43
19840364.547001; 0.99; 1.00; 44.43
19856374.510000; 0.99; 1.00; 44.43
19872555.526001; 0.99; 1.00; 44.44
19889372.917000; 0.99; 1.00; 44.44
19904361.575000; 0.99; 1.00; 44.44
19920315.862000; 0.99; 1.00; 44.45
19937855.836000; 0.99; 1.00; 44.45
19952439.695001; 0.99; 1.00; 44.45
19968952.206000; 0.99; 1.00; 44.46
19984227.567000; 0.99; 1.00; 44.46
20001390.527001; 0.99; 1.00; 44.46
20019205.450001; 0.99; 1.00; 44.47
20033492.940000; 0.99; 1.00; 44.47
20048390.513000; 0.99; 1.00; 44.47
20065841.840000; 0.99; 1.00; 44.47
20080700.237000; 0.99; 1.00; 44.48
20096618.331001; 0.99; 1.00; 44.48
20114635.237000; 0.99; 1.00; 44.48
20128906.900000; 0.99; 1.00; 44.49
20144251.967000; 0.99; 1.00; 44.49
20160971.831001; 0.99; 1.00; 44.49
20177144.737001; 0.99; 1.00; 44.50
20192353.649000; 0.99; 1.00; 44.50
20208239.961001; 0.99; 1.00; 44.50
20224360.178001; 0.99; 1.00; 44.51
20241504.752999; 0.99; 1.00; 44.51
20256381.130001; 0.99; 1.00; 44.51
20273753.897000; 0.99; 1.00; 44.52
20288354.386001; 0.99; 1.00; 44.52
20304371.653002; 0.99; 1.00; 44.52
20320361.201000; 0.99; 1.00; 44.52
20336441.961001; 0.99; 1.00; 44.53
20354411.424000; 0.99; 1.00; 44.53
20368394.540001; 0.99; 1.00; 44.53
20386199.662001; 0.99; 1.00; 44.54
20403490.147000; 0.99; 1.00; 44.54
20416830.940001; 0.99; 1.00; 44.54
20433693.470001; 0.99; 1.00; 44.55
20448414.059002; 0.99; 1.00; 44.55
20464367.348001; 0.99; 0.99; 44.55
20480825.376000; 0.99; 0.99; 44.56
20498285.834002; 0.99; 0.99; 44.56
20512385.947001; 0.99; 0.99; 44.56
20529695.000001; 0.99; 0.99; 44.57
20546243.518000; 0.99; 0.99; 44.57
20560366.910001; 0.99; 0.99; 44.57
20577468.866002; 0.99; 0.99; 44.58
20592401.475000; 0.99; 0.99; 44.58
20608373.914000; 0.99; 0.99; 44.58
20626825.281000; 0.99; 1.00; 44.59
20640393.300000; 0.99; 1.00; 44.59
20657610.239001; 0.99; 1.00; 44.59
20672453.177000; 0.99; 1.00; 44.59
20688430.153001; 0.99; 1.00; 44.60
20704368.508001; 0.99; 1.00; 44.60
20721895.962001; 0.99; 1.00; 44.60
20736368.667000; 0.99; 1.00; 44.61
20755019.601000; 0.99; 1.00; 44.61
20768355.989001; 0.99; 1.00; 44.61
20784367.767001; 0.99; 1.00; 44.62
20801578.129000; 0.99; 1.00; 44.62
20818092.757001; 0.99; 1.00; 44.62
20832300.686001; 0.99; 1.00; 44.63
20848336.266001; 0.99; 1.00; 44.63
20865467.068001; 0.99; 1.00; 44.63
20880938.537001; 0.99; 1.00; 44.64
20899103.079000; 0.99; 1.00; 44.64
20912496.033001; 0.99; 1.00; 44.64
20929530.874001; 0.99; 1.00; 44.65
20944359.891001; 0.99; 1.00; 44.65
20960352.616002; 0.99; 1.00; 44.65
20978477.614000; 0.99; 1.00; 44.66
20992842.101001; 0.99; 1.00; 44.66
21011261.092001; 0.99; 1.00; 44.66
21026973.907001; 0.99; 1.00; 44.66
21040247.121000; 0.99; 1.00; 44.67
21057575.469000; 0.99; 1.00; 44.67
21072358.862000; 0.99; 1.00; 44.67
21088232.194001; 0.99; 1.00; 44.68
21106233.252000; 0.99; 1.00; 44.68
21120799.996001; 0.99; 1.00; 44.68
21136362.328000; 0.99; 1.00; 44.69
21153871.126000; 0.99; 1.00; 44.69
21168823.045000; 0.99; 1.00; 44.69
21184252.416000; 0.99; 1.00; 44.70
21201448.553000; 0.99; 1.00; 44.70
21219467.632000; 0.99; 1.00; 44.70
21233041.539001; 0.99; 1.00; 44.71
21248338.381000; 0.99; 1.00; 44.71
21266045.498000; 0.99; 1.00; 44.71
21281227.062000; 0.99; 1.00; 44.72
21298211.964001; 0.99; 1.00; 44.72
21314425.759002; 0.99; 1.00; 44.72
21330450.584001; 0.99; 1.00; 44.72
21345960.776000; 0.99; 1.00; 44.73
21360589.209001; 0.99; 1.00; 44.73
21376345.260000; 0.99; 1.00; 44.73
21393187.160000; 0.99; 1.00; 44.74
21408348.200001; 0.99; 1.00; 44.74
21424698.499001; 0.99; 1.00; 44.74
21440474.147001; 0.99; 1.00; 44.75
21456349.902000; 0.99; 1.00; 44.75
21472345.054001; 0.99; 1.00; 44.75
21488405.061000; 0.99; 1.00; 44.76
21505708.627999; 0.99; 1.00; 44.76
21521144.026999; 0.99; 1.00; 44.76
21537343.567001; 0.99; 1.00; 44.77
21552566.499001; 0.99; 1.00; 44.77
21570142.877999; 0.99; 1.00; 44.77
21584320.391001; 0.99; 1.00; 44.78
21600533.310000; 0.99; 1.00; 44.78
21616442.951001; 0.99; 1.00; 44.78
21632568.356001; 0.99; 1.00; 44.78
21650223.770000; 0.99; 1.00; 44.79
21665982.027000; 0.99; 1.00; 44.79
21680380.715000; 0.99; 1.00; 44.79
21697090.107000; 0.99; 1.00; 44.80
21714971.945002; 0.99; 1.00; 44.80
21728331.632001; 0.99; 1.00; 44.80
21745907.432000; 0.99; 1.00; 44.81
21760508.206000; 0.99; 1.00; 44.81
21778040.542000; 0.99; 1.00; 44.81
21792343.843001; 0.99; 1.00; 44.82
21809609.206000; 0.99; 1.00; 44.82
21826384.545000; 0.99; 1.00; 44.82
21840989.804999; 0.99; 1.00; 44.83
21858108.635001; 0.99; 1.00; 44.83
21872286.679000; 0.99; 1.00; 44.83
21889334.375001; 0.99; 1.00; 44.84
21906322.350000; 0.99; 1.00; 44.84
21920338.694001; 0.99; 1.00; 44.84
21938401.714001; 0.99; 1.00; 44.85
21952360.197000; 0.99; 1.00; 44.85
21968361.037999; 0.99; 1.00; 44.85
21985984.626001; 0.99; 1.00; 44.85
22000563.764001; 0.99; 1.00; 44.86
22017323.104001; 0.99; 1.00; 44.86
22032374.054001; 0.99; 1.00; 44.86
22049439.698002; 0.99; 1.00; 44.87
22064404.338000; 0.99; 1.00; 44.87
22081659.319001; 0.99; 1.00; 44.87
22098942.975001; 0.99; 1.00; 44.88
22112618.790999; 0.99; 1.00; 44.88
22130610.381001; 0.99; 1.00; 44.88
22145269.684001; 0.99; 1.00; 44.89
22160347.893002; 0.99; 1.00; 44.89
22178231.352000; 0.99; 1.00; 44.89
22193469.471000; 0.99; 1.00; 44.90
22208284.885001; 0.99; 1.00; 44.90
22225011.258000; 0.99; 1.00; 44.90
22240333.219001; 0.99; 1.00; 44.91
22256352.777000; 0.99; 1.00; 44.91
22273180.855000; 0.99; 1.00; 44.91
22290092.970001; 0.99; 1.00; 44.92
22304401.691001; 0.99; 1.00; 44.92
22322511.573001; 0.99; 1.00; 44.92
22336756.705999; 0.99; 1.00; 44.92
22353782.809002; 0.99; 1.00; 44.93
22370150.831001; 0.99; 1.00; 44.93
22385651.291001; 0.99; 1.00; 44.93
22401738.187000; 0.99; 1.00; 44.94
22416306.704001; 0.99; 1.00; 44.94
22432362.893000; 0.99; 1.00; 44.94
22450296.490001; 0.99; 1.00; 44.95
22464444.736001; 0.99; 0.99; 44.95
22482304.536001; 0.99; 0.99; 44.95
22498987.440001; 0.99; 0.99; 44.96
22512924.078001; 0.99; 0.99; 44.96
22530161.834001; 0.99; 0.99; 44.96
22546262.521001; 0.99; 0.99; 44.97
22560350.764999; 0.99; 0.99; 44.97
22577910.404001; 0.99; 0.99; 44.97
22593498.737000; 0.99; 0.99; 44.98
22608649.590000; 0.99; 0.99; 44.98
22625880.150002; 0.99; 1.00; 44.98
22641016.540002; 0.99; 1.00; 44.98
22657077.744001; 0.99; 1.00; 44.99
22674504.926001; 0.99; 1.00; 44.99
22689107.333001; 0.99; 1.00; 44.99
22706176.742001; 0.99; 1.00; 45.00
22722207.173001; 0.99; 1.00; 45.00
22736341.428001; 0.99; 1.00; 45.00
22753448.037999; 0.99; 1.00; 45.01
22768680.763000; 0.99; 1.00; 45.01
22784571.484001; 0.99; 1.00; 45.01
22800359.775000; 0.99; 1.00; 45.02
22816814.224001; 0.99; 1.00; 45.02
22833706.982001; 0.99; 1.00; 45.02
22850425.985000; 0.99; 1.00; 45.03
22864348.798001; 0.99; 1.00; 45.03
22881660.747000; 0.99; 1.00; 45.03
22896831.942000; 0.99; 1.00; 45.04
22912430.130001; 0.99; 1.00; 45.04
22930383.082001; 0.99; 1.00; 45.04
22944338.027000; 0.99; 1.00; 45.04
22962879.385001; 0.99; 1.00; 45.05
22977464.223001; 0.99; 1.00; 45.05
22992361.776000; 0.99; 1.00; 45.05
23009450.803000; 0.99; 1.00; 45.06
23025555.745000; 0.99; 1.00; 45.06
23040302.770000; 0.99; 1.00; 45.06
23056375.020000; 0.99; 1.00; 45.07
23075411.313001; 0.99; 1.00; 45.07
23088990.139001; 0.99; 1.00; 45.07
23107163.687000; 0.99; 1.00; 45.08
23121822.535001; 0.99; 1.00; 45.08
23136490.706000; 0.99; 1.00; 45.08
23154119.074001; 0.99; 1.00; 45.09
23168824.935001; 0.99; 1.00; 45.09
23184445.362000; 0.99; 1.00; 45.09
23200256.599001; 0.99; 1.00; 45.10
23218243.782001; 0.99; 1.00; 45.10
23232436.502000; 0.99; 1.00; 45.10
23249769.437000; 0.99; 1.00; 45.11
23264361.770000; 0.99; 1.00; 45.11
23282023.340000; 0.99; 1.00; 45.11
23296780.674000; 0.99; 1.00; 45.11
23312344.859000; 0.99; 1.00; 45.12
23329897.367002; 0.99; 1.00; 45.12
23344985.518001; 0.99; 1.00; 45.12
23361943.187001; 0.99; 1.00; 45.13
23376246.742001; 0.99; 1.00; 45.13
23394022.222001; 0.99; 1.00; 45.13
23408425.824000; 0.99; 1.00; 45.14
23425593.255001; 0.99; 1.00; 45.14
23440738.960000; 0.99; 1.00; 45.14
23458150.239001; 0.99; 1.00; 45.15
23472333.019001; 0.99; 1.00; 45.15
23489106.169000; 0.99; 1.00; 45.15
23504360.117001; 0.99; 1.00; 45.16
23520760.067000; 0.99; 1.00; 45.16
23538559.984001; 0.99; 1.00; 45.16
23552370.035001; 0.99; 1.00; 45.16
23570067.551000; 0.99; 1.00; 45.14
23584352.406000; 0.99; 1.00; 45.13
23601973.004001; 0.99; 1.00; 45.12
23616371.335000; 0.99; 1.00; 45.10
23634085.257001; 0.99; 1.00; 45.09
23682320.439001; 0.99; 1.00; 45.05
23696539.992002; 0.99; 1.00; 45.04
23714737.698001; 0.99; 1.00; 45.03
23728882.842001; 0.99; 1.00; 45.02
23745451.978001; 0.99; 1.00; 45.00
23763464.775001; 0.99; 1.00; 44.99
23777630.624002; 0.99; 1.00; 44.98
23792855.201000; 0.99; 1.00; 44.96
23809275.013000; 0.99; 1.00; 44.95
23824612.940000; 0.99; 1.00; 44.94
23842189.014000; 0.99; 1.00; 44.93
23856529.328001; 0.99; 1.00; 44.91
23874432.254001; 0.99; 1.00; 44.90
23888622.060000; 0.99; 1.00; 44.89
23907201.806000; 0.99; 1.00; 44.87
23922686.083001; 0.99; 1.00; 44.86
23938476.110002; 0.99; 1.00; 44.85
23952996.572000; 0.99; 1.00; 44.84
23968560.412001; 0.99; 1.00; 44.83
23987098.362000; 0.99; 1.00; 44.81
24001910.917001; 0.99; 1.00; 44.80
24016530.372001; 0.99; 1.00; 44.79
24034830.379000; 0.99; 1.00; 44.77
24049281.752001; 0.99; 1.00; 44.76
24064658.540001; 0.99; 1.00; 44.75
24081366.729001; 0.99; 1.00; 44.74
24098637.211000; 0.99; 1.00; 44.72
24112656.928000; 0.99; 1.00; 44.71
24129282.178001; 0.99; 1.00; 44.70
24144613.161001; 0.99; 1.00; 44.69
24163040.004000; 0.99; 1.00; 44.67
24178291.425000; 0.99; 1.00; 44.66
24192744.963000; 0.99; 1.00; 44.65
24209368.030001; 0.99; 1.00; 44.63
24226290.797000; 0.99; 1.00; 44.62
24240501.804001; 0.99; 1.00; 44.61
24258344.129001; 0.99; 1.00; 44.60
24273123.609000; 0.99; 1.00; 44.58
24290141.894000; 0.99; 1.00; 44.57
24307004.589001; 0.99; 1.00; 44.56
24320500.912999; 0.99; 1.00; 44.55
24337481.165001; 0.99; 1.00; 44.53
24352533.047001; 0.99; 1.00; 44.52
24369525.014001; 0.99; 1.00; 44.51
24385873.121000; 0.99; 1.00; 44.49
24400537.781000; 0.99; 1.00; 44.48
24417569.473001; 0.99; 0.99; 44.47
24432911.825001; 0.99; 0.99; 44.46
24450038.792000; 0.99; 0.99; 44.44
24464526.247001; 0.99; 0.99; 44.43
24481352.102001; 0.99; 0.99; 44.42
24498776.581000; 0.99; 0.99; 44.40
24513208.815001; 0.99; 0.99; 44.39
24528571.881001; 0.98; 0.99; 44.38
24544471.826001; 0.98; 0.99; 44.37
24561484.230000; 0.99; 0.99; 44.38
24577930.859001; 0.99; 0.99; 44.38
24592524.408999; 0.99; 0.99; 44.38
24609645.838000; 0.99; 0.99; 44.39
24624524.829000; 0.99; 0.99; 44.39
24640731.905000; 0.99; 0.99; 44.39
24657502.728000; 0.99; 0.99; 44.40
24674602.828000; 0.99; 1.00; 44.40
24688550.285001; 0.99; 1.00; 44.40
24706196.342000; 0.99; 1.00; 44.41
24722590.909001; 0.99; 1.00; 44.41
24737399.717000; 0.99; 1.00; 44.41
24752766.797001; 0.99; 1.00; 44.42
24768769.536000; 0.99; 1.00; 44.42
24786272.362000; 0.99; 1.00; 44.42
24800595.663001; 0.99; 1.00; 44.43
24817771.509001; 0.99; 1.00; 44.43
24832668.434999; 0.99; 1.00; 44.43
24848525.676000; 0.99; 1.00; 44.44
24866570.604001; 0.99; 1.00; 44.44
24880544.730000; 0.99; 1.00; 44.44
24896681.109000; 0.99; 1.00; 44.44
24914487.253000; 0.99; 1.00; 44.45
24929496.166000; 0.99; 1.00; 44.45
24945734.815001; 0.99; 1.00; 44.45
24961016.315001; 0.99; 1.00; 44.46
24976549.957001; 0.99; 1.00; 44.46
24992615.585001; 0.99; 1.00; 44.46
25008516.465000; 0.99; 1.00; 44.47
25025891.121000; 0.99; 1.00; 44.47
25042291.941002; 0.99; 1.00; 44.47
25056533.404000; 0.99; 1.00; 44.48
25072642.304000; 0.99; 1.00; 44.48
25088528.823001; 0.99; 1.00; 44.48
25107449.051001; 0.99; 1.00; 44.49
25121319.155000; 0.99; 1.00; 44.49
25139060.898001; 0.99; 1.00; 44.49
25153397.157001; 0.99; 1.00; 44.50
25171081.109000; 0.99; 1.00; 44.50
25184516.584001; 0.99; 1.00; 44.50
25202540.020000; 0.99; 1.00; 44.51
25218838.348001; 0.99; 1.00; 44.51
25232534.250999; 0.99; 1.00; 44.51
25249318.557000; 0.99; 1.00; 44.51
25264544.698001; 0.99; 1.00; 44.52
25280667.801001; 0.99; 1.00; 44.52
25298019.242001; 0.99; 1.00; 44.52
25315103.901999; 0.99; 1.00; 44.53
25329104.535000; 0.99; 1.00; 44.53
25346074.648000; 0.99; 1.00; 44.53
25360524.378000; 0.99; 1.00; 44.54
25378774.856001; 0.99; 1.00; 44.54
25392569.159001; 0.99; 1.00; 44.54
25409560.971001; 0.99; 1.00; 44.55
25424531.248000; 0.99; 1.00; 44.55
25440444.134002; 0.99; 1.00; 44.55
25458686.338001; 0.99; 1.00; 44.56
25472587.649002; 0.99; 1.00; 44.56
25489086.706000; 0.99; 1.00; 44.56
25505732.349000; 0.99; 1.00; 44.57
25522912.242001; 0.99; 1.00; 44.57
25536761.846001; 0.99; 1.00; 44.57
25552549.264001; 0.99; 1.00; 42.20
25569494.429999; 0.99; 1.00; 39.18
25584589.848001; 0.99; 1.00; 36.72
25602086.634001; 0.99; 1.00; 33.43
25616787.025002; 0.99; 1.00; 30.84
25633426.051002; 0.99; 1.00; 27.89
25651588.467001; 0.99; 1.00; 24.69
25665982.790001; 0.99; 1.00; 22.14
25681165.325001; 0.99; 1.00; 19.46
25699244.491002; 0.99; 1.00; 16.26
25713661.325001; 0.99; 1.00; 13.71
25728547.629001; 0.99; 1.00; 11.16
25744521.362000; 0.99; 1.00; 8.42
25760543.685001; 0.99; 1.00; 5.64
25777762.107000; 0.99; 1.00; 2.37
25792657.376000; 0.99; 1.00; -0.26
25811103.678001; 0.99; 1.00; -3.39
25824524.263000; 0.99; 1.00; -5.87
25843349.620000; 0.99; 1.00; -9.10
25856565.943001; 0.99; 1.00; -11.31
25872573.935001; 0.99; 1.00; -14.38
25890314.112001; 0.99; 1.00; -17.52
25904556.246000; 0.99; 1.00; -19.86
25922875.710999; 0.99; 1.00; -23.16
25937451.635000; 0.99; 1.00; -25.86
25952518.742001; 0.99; 1.00; -28.52
25968550.254000; 0.99; 1.00; -31.09
25986265.270000; 0.99; 1.00; -34.48
26002314.245001; 0.99; 1.00; -37.32
26016654.234001; 0.99; 1.00; -39.62
26033815.975001; 0.99; 1.00; -42.88
26050948.246000; 0.99; 1.00; -45.91
26065156.073001; 0.99; 1.00; -48.43
26082496.278001; 0.99; 1.00; -51.50
26096554.195999; 0.99; 1.00; -53.88
26114251.498000; 0.99; 1.00; -57.10
26128731.512001; 0.99; 1.00; -59.46
26147059.735001; 0.99; 1.00; -62.91
26160568.873000; 0.99; 1.00; -65.18
26176541.339001; 0.99; 1.00; -67.92
26192659.445000; 0.99; 1.00; -70.97
26209823.544001; 0.99; 1.00; -74.00
26225472.707000; 0.99; 1.00; -76.77
26240655.037000; 0.99; 1.00; -79.26
26256766.616002; 0.99; 1.00; -82.30
26274647.882001; 0.99; 1.00; -85.46
26288634.217001; 0.99; 1.00; -87.94
26305932.771000; 0.99; 1.00; -91.00
26320624.508000; 0.99; 1.00; -93.43
26337703.701000; 0.99; 1.00; -96.60
26352510.887000; 0.99; 1.00; -99.09
26368648.327000; 0.99; 1.00; -102.09
26385950.488001; 0.99; 1.00; -105.14
26400617.984000; 0.99; 1.00; -107.66
26416506.997001; 0.99; 1.00; -110.30
26433799.081000; 0.99; 1.00; -113.60
26448543.557002; 0.99; 1.00; -116.04
26464557.138000; 0.99; 1.00; -118.88
26481132.740001; 0.99; 1.00; -121.96
26502691.975000; 0.99; 1.00; -125.77
26513498.630001; 0.99; 1.00; -127.69
26530469.960000; 0.99; 1.00; -130.68
26547110.235001; 0.99; 1.00; -132.44
26560583.344001; 0.98; 0.99; -132.50
26578560.912000; 0.98; 0.99; -132.58
26592833.731000; 0.97; 0.98; -132.65
26608536.709001; 0.97; 0.98; -132.72
26626043.482000; 0.96; 0.97; -132.80
26642637.328001; 0.96; 0.96; -132.88
26657110.947001; 0.95; 0.96; -132.94
26673427.465000; 0.95; 0.95; -133.02
26688585.911001; 0.94; 0.95; -133.08
26704684.876000; 0.94; 0.94; -133.16
26722070.454000; 0.93; 0.93; -133.24
26736525.322000; 0.92; 0.93; -133.30
26754271.660001; 0.92; 0.92; -133.38
26768598.224000; 0.91; 0.92; -133.45
26784980.220000; 0.91; 0.91; -133.52
26802650.358001; 0.90; 0.90; -133.60
26816548.434001; 0.90; 0.90; -133.67
26833599.394000; 0.89; 0.89; -133.75
26848514.534000; 0.89; 0.89; -133.81
26865713.427000; 0.88; 0.88; -133.89
26880582.080999; 0.87; 0.88; -133.95
26896541.858002; 0.87; 0.87; -134.03
26914122.773000; 0.86; 0.86; -134.11
26929359.620001; 0.86; 0.86; -134.18
26945883.751001; 0.85; 0.85; -134.26
26960503.410001; 0.85; 0.85; -134.32
26977203.556001; 0.84; 0.84; -134.40
26994616.602000; 0.83; 0.84; -134.48
27008465.556001; 0.83; 0.83; -134.54
27026279.955000; 0.82; 0.82; -134.62
27041273.190000; 0.82; 0.82; -134.69
27056525.891002; 0.81; 0.81; -134.76
27074393.475001; 0.81; 0.81; -134.84
27088535.257001; 0.80; 0.80; -134.90
27105043.508000; 0.80; 0.80; -134.98
27122598.344000; 0.79; 0.79; -135.06
27136532.525002; 0.79; 0.79; -135.12
27153633.215000; 0.78; 0.78; -135.20
27168596.651000; 0.77; 0.77; -135.27
27184575.834001; 0.77; 0.77; -135.34
27201157.676000; 0.76; 0.76; -135.42
27218577.752999; 0.76; 0.76; -135.50
27234534.334001; 0.75; 0.75; -135.57
27249026.166000; 0.74; 0.75; -135.64
27266784.331001; 0.74; 0.74; -135.72
27280615.621001; 0.73; 0.73; -135.78
27297684.426002; 0.73; 0.73; -135.86
27314148.547001; 0.72; 0.72; -135.94
27328846.768000; 0.72; 0.72; -136.00
27346511.208001; 0.71; 0.71; -136.08
27360517.228001; 0.70; 0.71; -136.14
27377163.704001; 0.70; 0.70; -136.22
27392533.724000; 0.69; 0.70; -136.29
27408614.757000; 0.69; 0.69; -136.37
27426440.569001; 0.68; 0.68; -136.45
27440535.190001; 0.68; 0.68; -136.51
27457982.112000; 0.67; 0.67; -136.59
27474626.226000; 0.66; 0.67; -136.67
27488504.311001; 0.66; 0.66; -136.73
27505711.695002; 0.65; 0.66; -136.81
27520521.132999; 0.65; 0.65; -136.88
27538142.162001; 0.64; 0.65; -136.96
27554408.585000; 0.63; 0.64; -136.96
27568671.532001; 0.63; 0.63; -136.95
27586316.591000; 0.62; 0.63; -136.94
27600614.136000; 0.62; 0.62; -136.93
27617799.346001; 0.61; 0.62; -136.92
27634077.092000; 0.61; 0.61; -136.91
27650823.755001; 0.60; 0.61; -136.90
27664792.763000; 0.59; 0.60; -136.90
27682427.161000; 0.59; 0.60; -136.89
27696585.177000; 0.58; 0.59; -136.88
27714234.032001; 0.58; 0.59; -136.87
27728747.587000; 0.57; 0.58; -136.86
27744955.606000; 0.56; 0.57; -136.85
27760548.929000; 0.56; 0.57; -136.84
27778616.460001; 0.55; 0.56; -136.83
27793527.066000; 0.55; 0.56; -136.82
27808838.320999; 0.54; 0.55; -136.81
27824518.652000; 0.54; 0.55; -136.80
27841493.688001; 0.53; 0.54; -136.79
27856533.728999; 0.52; 0.54; -136.78
27873858.785001; 0.52; 0.53; -136.77
27888544.891001; 0.51; 0.53; -136.76
27906345.646999; 0.51; 0.52; -136.75
27920540.356001; 0.50; 0.51; -136.74
27936522.924002; 0.50; 0.51; -136.74
27952751.133000; 0.49; 0.50; -136.72
27970586.736001; 0.48; 0.50; -136.71
27985891.056000; 0.48; 0.49; -136.71
28000533.509001; 0.47; 0.49; -136.70
28018435.530001; 0.46; 0.48; -136.69
28032640.015001; 0.46; 0.48; -136.68
28049812.674001; 0.45; 0.47; -136.67
28064550.783000; 0.45; 0.47; -136.66
28082191.818001; 0.44; 0.46; -136.65
28098579.012000; 0.44; 0.45; -136.64
28112938.145001; 0.43; 0.45; -136.63
28130226.325001; 0.42; 0.44; -136.62
28144401.642001; 0.42; 0.44; -136.61
28161937.976000; 0.41; 0.43; -136.60
28176548.134999; 0.41; 0.43; -136.59
28192726.711000; 0.40; 0.42; -136.58
28209960.399002; 0.40; 0.42; -136.57
28224618.023000; 0.39; 0.41; -136.56
28240648.797001; 0.38; 0.40; -136.55
28256528.397000; 0.38; 0.40; -136.55
28273360.262001; 0.37; 0.39; -136.53
28288555.852001; 0.37; 0.39; -136.53
28305984.285000; 0.36; 0.38; -136.51
28320565.683000; 0.36; 0.38; -136.51
28336558.399000; 0.35; 0.37; -136.50
28354495.950000; 0.34; 0.37; -136.49
28369418.779001; 0.34; 0.36; -136.48
28386282.037000; 0.33; 0.35; -136.47
28400544.191000; 0.33; 0.35; -136.46
28416635.531000; 0.32; 0.34; -136.45
28434688.992001; 0.31; 0.34; -136.44
28449810.521001; 0.31; 0.33; -136.43
28464536.437001; 0.30; 0.33; -136.42
28482274.100001; 0.30; 0.32; -136.41
28496704.460000; 0.29; 0.32; -136.40
28514437.720000; 0.28; 0.31; -136.39
28528743.936000; 0.28; 0.31; -136.38
28544960.830001; 0.27; 0.30; -136.36
28560544.664001; 0.27; 0.29; -136.31
28578238.009001; 0.26; 0.29; -136.24
28592562.113001; 0.26; 0.28; -136.20
28610405.180001; 0.25; 0.28; -136.13
28625536.571001; 0.24; 0.27; -136.08
28640526.301001; 0.24; 0.27; -136.03
28656730.682000; 0.23; 0.26; -135.98
28672645.427001; 0.23; 0.26; -135.93
28690398.379000; 0.22; 0.25; -135.87
28705173.549001; 0.22; 0.24; -135.82
28722218.870000; 0.21; 0.24; -135.76
28737094.448999; 0.21; 0.23; -135.71
28752665.321001; 0.20; 0.23; -135.65
28768514.775001; 0.19; 0.22; -135.60
28785633.816000; 0.19; 0.22; -135.54
28800532.977000; 0.18; 0.21; -135.49
28818285.751000; 0.18; 0.20; -135.43
28832457.737000; 0.17; 0.20; -135.39
28848535.749002; 0.17; 0.19; -135.33
28865750.210000; 0.16; 0.19; -135.27
28880532.400001; 0.15; 0.18; -135.22
28898863.490000; 0.15; 0.18; -135.16
28912588.174001; 0.14; 0.17; -135.12
28931125.893002; 0.14; 0.16; -135.05
28944933.080000; 0.13; 0.16; -135.01
28962602.018001; 0.12; 0.15; -134.95
28976398.901001; 0.12; 0.15; -134.90
28993840.156000; 0.11; 0.14; -134.84
29008552.808001; 0.11; 0.14; -134.79
29025477.243000; 0.10; 0.13; -134.73
29040516.621000; 0.10; 0.13; -134.69
29056977.715000; 0.09; 0.12; -134.63
29074608.949000; 0.08; 0.11; -134.57
29088402.986001; 0.08; 0.11; -134.53
29106559.139000; 0.07; 0.10; -134.46
29122268.450999; 0.07; 0.10; -134.41
29138306.431002; 0.06; 0.09; -134.35
29153702.052001; 0.06; 0.09; -134.30
29170647.700001; 0.05; 0.08; -134.25
29184501.282000; 0.05; 0.07; -134.20
29200736.856001; 0.04; 0.07; -134.14
29216528.393002; 0.04; 0.06; -134.09
29232526.738001; 0.03; 0.06; -134.04
29249561.837000; 0.02; 0.05; -133.98
29264809.823001; 0.02; 0.05; -133.93
29280514.048000; 0.01; 0.04; -133.88
29296800.350001; 0.01; 0.03; -133.82
29312544.116002; 0.00; 0.03; -133.77
29331630.549001; -0.00; 0.02; -133.71
29345610.878001; -0.01; 0.02; -133.66
29361232.400001; -0.01; 0.01; -133.60
29379605.098001; -0.02; 0.00; -133.54
29393267.084001; -0.03; -0.00; -133.50
29410437.030002; -0.03; -0.01; -133.44
29424527.410000; -0.04; -0.01; -133.39
29440663.188002; -0.04; -0.02; -133.34
29458302.194000; -0.05; -0.02; -133.28
29472543.725000; -0.05; -0.03; -133.23
29488537.225001; -0.06; -0.04; -133.17
29505881.412001; -0.06; -0.04; -133.12
29520532.301000; -0.07; -0.05; -133.07
29536524.881000; -0.07; -0.05; -133.01
29552737.864000; -0.07; -0.05; -133.00
29568542.445001; -0.07; -0.05; -133.00
29584538.103999; -0.07; -0.05; -133.00
29602232.305000; -0.07; -0.05; -133.00
29616688.148001; -0.07; -0.05; -133.00
29633662.927999; -0.07; -0.05; -133.00
29651441.314001; -0.07; -0.05; -133.00
29667258.735001; -0.07; -0.04; -133.00
29681043.110001; -0.07; -0.04; -133.00
29696532.665001; -0.06; -0.04; -133.00
29713429.994001; -0.06; -0.04; -133.00
29728923.839001; -0.06; -0.04; -133.00
29744529.091001; -0.06; -0.04; -133.00
29762428.650000; -0.06; -0.04; -133.00
29778320.236001; -0.06; -0.03; -133.00
29793199.859001; -0.06; -0.03; -133.00
29808526.820002; -0.06; -0.03; -133.00
29826705.051001; -0.05; -0.03; -133.00
29841953.073001; -0.05; -0.03; -133.00
29857659.355000; -0.05; -0.03; -133.00
29872534.139000; -0.05; -0.03; -133.00
29888545.210001; -0.05; -0.03; -133.00
29906819.816001; -0.05; -0.02; -133.00
29921442.678000; -0.05; -0.02; -133.00
29936456.351001; -0.05; -0.02; -133.00
29954020.064001; -0.04; -0.02; -133.00
29969187.724001; -0.04; -0.02; -133.00
29986271.553000; -0.04; -0.02; -133.00
30001852.032001; -0.04; -0.02; -133.00
30016531.720001; -0.04; -0.02; -133.00
30034674.210001; -0.04; -0.01; -133.00
30048623.301000; -0.04; -0.01; -133.00
30064944.357000; -0.04; -0.01; -133.00
30080549.149002; -0.04; -0.01; -133.00
30096579.095000; -0.03; -0.01; -133.00
30113521.494000; -0.03; -0.01; -133.00
30128897.566999; -0.03; -0.01; -133.00
30144676.712000; -0.03; -0.01; -133.00
30161976.384001; -0.03; -0.00; -133.00
30176558.919001; -0.03; -0.00; -133.00
30193305.705001; -0.03; -0.00; -133.00
30208522.789001; -0.03; 0.00; -133.00
30226005.650001; -0.02; 0.00; -133.00
30240524.620000; -0.02; 0.00; -133.00
30258262.530001; -0.02; 0.00; -133.00
30272620.692000; -0.02; 0.01; -133.00
30288502.106001; -0.02; 0.01; -133.00
30306947.227000; -0.02; 0.01; -133.00
30320544.617000; -0.02; 0.01; -133.00
30337881.519001; -0.02; 0.01; -133.00
30352908.668001; -0.01; 0.01; -133.00
30369617.949000; -0.01; 0.01; -133.00
30384547.026001; -0.01; 0.01; -133.00
30400621.457001; -0.01; 0.02; -133.00
30416552.165002; -0.01; 0.02; -133.00
30432560.985001; -0.01; 0.02; -133.00
30450828.893002; -0.01; 0.02; -133.00
30465583.416000; -0.01; 0.02; -133.00
30480544.759001; -0.01; 0.02; -133.00
30497312.116000; -0.00; 0.02; -133.00
30512798.591001; -0.00; 0.02; -133.00
30528395.554000; -0.00; 0.03; -133.00
30545696.923000; -0.00; 0.03; -133.00
30560520.271000; -0.00; 0.03; -133.00
30577252.120000; -0.00; 0.03; -133.00
30592543.918001; -0.00; 0.03; -133.00
30608503.251000; -0.00; 0.03; -133.00
30624533.602000; -0.00; 0.03; -133.00
30641638.847001; -0.00; 0.03; -133.00
30657737.850001; -0.00; 0.03; -133.00
30672535.326001; -0.00; 0.02; -133.00
30689528.878000; -0.00; 0.02; -133.00
30704555.123000; -0.00; 0.02; -133.00
30721355.293001; -0.00; 0.02; -133.00
30736522.368001; -0.00; 0.02; -133.00
30753995.125000; -0.00; 0.02; -133.00
30769011.586000; -0.00; 0.02; -133.00
30786257.447001; -0.00; 0.02; -133.00
30800532.815001; -0.00; 0.02; -133.00
30816515.740000; -0.00; 0.02; -133.00
30834059.484001; -0.00; 0.02; -133.00
30849075.492001; -0.00; 0.02; -133.00
30864517.020000; -0.00; 0.02; -133.00
30880529.342001; -0.00; 0.02; -133.00
30896526.419002; -0.01; 0.02; -133.00
30912986.691001; -0.01; 0.02; -133.00
30931633.308001; -0.01; 0.02; -133.00
30944434.492002; -0.01; 0.02; -133.00
30960539.879002; -0.01; 0.02; -133.00
30976528.238000; -0.01; 0.02; -133.00
30992959.424001; -0.01; 0.02; -133.00
31008548.189001; -0.01; 0.02; -133.00
31025357.283001; -0.01; 0.02; -133.00
31040526.900001; -0.01; 0.02; -133.00
31056525.985002; -0.01; 0.02; -133.00
31074170.055001; -0.01; 0.02; -133.00
31088716.556000; -0.01; 0.02; -133.00
31105976.929001; -0.01; 0.02; -133.00
31120520.560000; -0.01; 0.02; -133.00
31139207.556000; -0.01; 0.02; -133.00
31152918.682002; -0.01; 0.02; -133.00
31168525.112000; -0.01; 0.02; -133.00
31185525.092000; -0.01; 0.02; -133.00
31200534.314001; -0.01; 0.02; -133.00
31219295.113000; -0.01; 0.02; -133.00
31233073.893000; -0.01; 0.02; -133.00
31250676.390000; -0.01; 0.02; -133.00
31264603.119000; -0.01; 0.02; -133.00
31282965.689001; -0.01; 0.02; -133.00
31297392.149002; -0.01; 0.02; -133.00
31314393.750999; -0.01; 0.02; -133.00
31328752.659001; -0.01; 0.02; -133.00
31345639.335001; -0.01; 0.02; -133.00
31360616.679000; -0.01; 0.02; -133.00
31376415.107001; -0.01; 0.02; -133.00
31392667.712000; -0.01; 0.02; -133.00
31409757.075001; -0.01; 0.02; -133.00
31424958.836000; -0.01; 0.02; -133.00
31440529.673000; -0.01; 0.01; -133.00
31456522.402001; -0.01; 0.01; -133.00
31472684.880001; -0.01; 0.01; -133.00
31488572.670000; -0.01; 0.01; -133.00
31506243.186001; -0.01; 0.01; -133.00
31520531.361001; -0.01; 0.01; -133.00
31537761.718000; -0.01; 0.01; -133.00
31553386.152000; -0.01; 0.01; -133.00
31570564.203001; -0.01; 0.01; -133.00
31584539.781000; -0.01; 0.01; -133.00
31601723.596001; -0.01; 0.01; -133.00
31616516.787001; -0.01; 0.01; -133.00
31633021.960001; -0.01; 0.01; -133.00
31651152.473000; -0.01; 0.01; -133.00
31664530.995000; -0.01; 0.01; -133.00
31681689.099000; -0.01; 0.01; -133.00
31698809.535001; -0.01; 0.01; -133.00
31713178.095000; -0.01; 0.01; -133.00
31730652.504001; -0.01; 0.01; -133.00
31744534.318001; -0.01; 0.01; -133.00
31760517.862000; -0.01; 0.01; -133.00
31780251.201000; -0.01; 0.01; -133.00
31793587.107000; -0.01; 0.01; -133.00
31808542.858000; -0.01; 0.01; -133.00
31828405.006001; -0.01; 0.01; -133.00
31842013.173000; -0.01; 0.01; -133.00
31857597.769000; -0.01; 0.01; -133.00
31872449.251001; -0.01; 0.01; -133.00
31889434.061001; -0.01; 0.01; -133.00
31904519.182002; -0.01; 0.01; -133.00
31921596.443001; -0.01; 0.01; -133.00
31938339.562001; -0.01; 0.01; -133.00
31953679.874002; -0.01; 0.01; -133.00
31968611.394001; -0.01; 0.01; -133.00
31985566.727000; -0.01; 0.01; -133.00
32000965.293000; -0.01; 0.01; -133.00
32019253.016001; -0.01; 0.01; -133.00
32033599.849001; -0.01; 0.01; -133.00
32051619.148001; -0.01; 0.01; -133.00
32064885.170001; -0.01; 0.01; -133.00
32082372.838000; -0.01; 0.01; -133.00
32096576.089000; -0.01; 0.01; -133.00
32126835.614001; -0.01; 0.01; -133.00
32130731.255001; -0.01; 0.01; -133.00
32144561.637000; -0.01; 0.01; -133.00
32161557.260000; -0.01; 0.01; -133.00
32176518.253000; -0.01; 0.01; -133.00
32193443.268002; -0.01; 0.01; -133.00
32208508.992001; -0.01; 0.01; -133.00
32225179.721002; -0.01; 0.01; -133.00
32241758.688001; -0.01; 0.01; -133.00
32256527.945002; -0.01; 0.01; -133.00
32273692.125000; -0.01; 0.01; -133.00
32290858.744000; -0.01; 0.01; -133.00
32305276.582002; -0.01; 0.01; -133.00
32322457.096002; -0.01; 0.01; -133.00
32336608.179001; -0.01; 0.01; -133.00
32354020.504001; -0.01; 0.01; -133.00
32368560.675001; -0.01; 0.01; -133.00
32384406.089001; -0.01; 0.01; -133.00
32401612.574000; -0.01; 0.01; -133.00
32418168.379002; -0.01; 0.01; -133.00
32432538.894000; -0.01; 0.01; -133.00
32449605.939001; -0.01; 0.01; -133.00
32464534.426001; -0.01; 0.01; -133.00
32480397.309001; -0.01; 0.01; -133.00
32497824.792999; -0.01; 0.01; -133.00
32513719.968001; -0.01; 0.01; -133.00
32530144.644001; -0.01; 0.01; -133.00
32545808.929001; -0.01; 0.01; -133.00
32562670.384001; -0.01; 0.01; -133.00
32576537.312001; -0.01; 0.01; -133.00
32592546.414001; -0.01; 0.01; -133.00
32610680.962000; -0.01; 0.01; -133.00
32626597.684001; -0.01; 0.01; -133.00
32641507.051002; -0.01; 0.01; -133.00
32658377.807000; -0.01; 0.01; -133.00
32673174.401000; -0.01; 0.01; -133.00
32689606.835000; -0.01; 0.01; -133.00
32704536.350000; -0.01; 0.01; -133.00
32721851.120999; -0.01; 0.01; -133.00
32736533.428000; -0.01; 0.01; -133.00
32753799.042001; -0.01; 0.01; -133.00
32768548.870001; -0.01; 0.01; -133.00
32785409.181001; -0.01; 0.01; -133.00
32800529.162999; -0.01; 0.01; -133.00
32817137.885000; -0.01; 0.01; -133.00
32832470.403001; -0.01; 0.01; -133.00
32850943.787999; -0.01; 0.01; -133.00
32866456.819000; -0.01; 0.01; -133.00
32880569.112000; -0.01; 0.01; -133.00
32896550.776001; -0.01; 0.01; -133.00
32913982.845001; -0.01; 0.01; -133.00
32928886.634002; -0.01; 0.01; -133.00
32946284.877000; -0.01; 0.01; -133.00
32960584.485002; -0.01; 0.01; -133.00
32978590.926002; -0.01; 0.01; -133.00
32992511.043000; -0.01; 0.01; -133.00
33009723.807002; -0.01; 0.01; -133.00
33024578.963001; -0.01; 0.01; -133.00
33041856.516000; -0.01; 0.01; -133.00
33056536.109001; -0.01; 0.01; -133.00
33073649.027001; -0.01; 0.01; -133.00
33088535.520001; -0.01; 0.01; -133.00
33104532.935000; -0.01; 0.01; -133.00
33121494.011001; -0.01; 0.01; -133.00
33137926.683002; -0.01; 0.01; -133.00
33152609.099001; -0.01; 0.01; -133.00
33168564.083000; -0.01; 0.01; -133.00
33185557.492002; -0.01; 0.01; -133.00
33202664.981000; -0.01; 0.01; -133.00
33218383.564001; -0.01; 0.01; -133.00
33232545.032001; -0.01; 0.01; -133.00
33249287.349001; -0.01; 0.01; -133.00
33264540.871000; -0.01; 0.01; -133.00
33280566.879001; -0.01; 0.01; -133.00
33298568.125002; -0.01; 0.01; -133.00
33312576.453000; -0.01; 0.01; -133.00
33330594.024002; -0.01; 0.01; -133.00
33344729.181001; -0.01; 0.01; -133.00
33362110.414001; -0.01; 0.01; -133.00
33377350.962001; -0.01; 0.01; -133.00
33392888.028000; -0.01; 0.01; -133.00
33409642.610001; -0.01; 0.01; -133.00
33424530.604001; -0.01; 0.01; -133.00
33440669.594000; -0.01; 0.01; -133.00
33456524.386000; -0.01; 0.01; -133.00
33472530.908001; -0.01; 0.01; -133.00
33490330.295001; -0.01; 0.01; -133.00
33505751.032001; -0.01; 0.01; -133.00
33522173.063001; -0.01; 0.01; -133.00
33536514.906000; -0.01; 0.01; -133.00
33553190.450001; -0.01; 0.01; -133.00
33570567.546000; -0.01; 0.01; -133.00
33586576.967000; -0.01; 0.01; -133.00
33600674.308000; -0.01; 0.01; -133.00
33616535.889002; -0.01; 0.01; -133.00
33632835.268002; -0.01; 0.01; -133.00
33651294.848000; -0.01; 0.01; -133.00
33665477.958001; -0.01; 0.01; -133.00
33682497.497001; -0.01; 0.01; -133.00
33696897.464001; -0.01; 0.01; -133.00
33712727.089000; -0.01; 0.01; -133.00
33730260.933001; -0.01; 0.01; -133.00
33745361.031000; -0.01; 0.01; -133.00
33760513.613001; -0.01; 0.01; -133.00
33776514.424001; -0.01; 0.01; -133.00
33794571.152000; -0.01; 0.01; -133.00
33808538.546000; -0.01; 0.01; -133.00
33826052.988999; -0.01; 0.01; -133.00
33840508.435000; -0.01; 0.01; -133.00
33857623.010001; -0.01; 0.01; -133.00
33875254.643001; -0.01; 0.01; -133.00
33889154.720000; -0.01; 0.01; -133.00
33906850.771000; -0.01; 0.01; -133.00
33920526.833001; -0.01; 0.01; -133.00
33936519.046000; -0.01; 0.01; -133.00
33953620.062001; -0.01; 0.01; -133.00
33968739.279000; -0.01; 0.01; -133.00
33984527.690000; -0.01; 0.01; -133.00
34002173.416000; -0.01; 0.01; -133.00
34017719.529000; -0.01; 0.01; -133.00
34032528.839000; -0.01; 0.01; -133.00
34049142.824000; -0.01; 0.01; -133.00
34064638.511000; -0.01; 0.01; -133.00
34080875.263000; -0.01; 0.01; -133.00
34098607.071001; -0.01; 0.01; -133.00
34112988.454000; -0.01; 0.01; -133.00
34131429.089001; -0.01; 0.01; -133.00
34145267.901000; -0.01; 0.01; -133.00
34162345.382002; -0.01; 0.01; -133.00
34176546.262001; -0.01; 0.01; -133.00
34192542.016001; -0.01; 0.01; -133.00
34209764.017000; -0.01; 0.01; -133.00
34224610.829000; -0.01; 0.01; -133.00
34240524.971002; -0.01; 0.01; -133.00
34256522.383001; -0.01; 0.01; -133.00
34273343.153000; -0.01; 0.01; -133.00
34289257.286000; -0.01; 0.01; -133.00
