4641134.566998; -0.55; 1.29; 168.88
4658247.532997; -0.55; 1.29; 168.88
4673447.317997; -0.55; 1.29; 168.88
4690033.212997; -0.55; 1.29; 168.88
4705637.438995; -0.55; 1.29; 168.88
4720608.789997; -0.55; 1.29; 168.88
4737882.460999; -0.55; 1.29; 168.88
4752504.161999; -0.55; 1.29; 168.88
4768477.234997; -0.55; 1.29; 168.88
4786058.359997; -0.55; 1.29; 168.88
4801207.974995; -0.55; 1.29; 168.88
4816508.710999; -0.55; 1.29; 168.88
4832757.922997; -0.55; 1.29; 168.88
4849415.524994; -0.55; 1.29; 168.88
4866161.751995; -0.55; 1.29; 168.88
4880600.692997; -0.55; 1.29; 168.88
4897960.041996; -0.55; 1.29; 168.88
4912456.279999; -0.55; 1.29; 168.88
4929985.056995; -0.55; 1.29; 168.88
4946589.029995; -0.55; 1.29; 168.88
4960470.532997; -0.55; 1.29; 168.88
4978530.831997; -0.55; 1.29; 168.88
4994528.256996; -0.55; 1.29; 168.88
5008617.591000; -0.55; 1.29; 168.88
5025596.406998; -0.55; 1.29; 168.88
5040485.364998; -0.55; 1.29; 168.88
5057567.396996; -0.55; 1.29; 168.88
5072476.085999; -0.55; 1.29; 168.88
5088659.707996; -0.55; 1.29; 168.88
5105425.938000; -0.55; 1.29; 168.88
5120601.145996; -0.55; 1.29; 168.88
5137983.232998; -0.55; 1.29; 168.88
5152816.301994; -0.55; 1.29; 168.88
5169612.925995; -0.55; 1.29; 168.88
5184546.845997; -0.55; 1.29; 168.88
5201856.291996; -0.55; 1.29; 168.88
5216488.611996; -0.55; 1.29; 168.88
5232448.322994; -0.55; 1.29; 168.88
5249091.616997; -0.55; 1.29; 168.88
5266173.860996; -0.55; 1.29; 168.88
5280467.756996; -0.55; 1.29; 168.88
5297777.301998; -0.55; 1.29; 168.88
5313519.704998; -0.55; 1.29; 168.88
5329802.844997; -0.55; 1.29; 168.88
5344480.544998; -0.55; 1.29; 168.88
5361565.127995; -0.55; 1.29; 168.88
5376882.886997; -0.55; 1.29; 168.88
5393664.942997; -0.55; 1.29; 168.88
5408508.054996; -0.55; 1.29; 168.88
5424477.857998; -0.55; 1.29; 168.88
5443703.117996; -0.55; 1.29; 168.88
5457505.619995; -0.55; 1.29; 168.88
5472482.268997; -0.55; 1.29; 168.88
5488697.789997; -0.55; 1.29; 168.88
5507054.081997; -0.55; 1.29; 168.88
5521004.600998; -0.55; 1.29; 168.88
5536456.716000; -0.55; 1.29; 168.88
5552471.574997; -0.55; 1.29; 168.88
5568501.242996; -0.55; 1.29; 168.88
5585083.366997; -0.55; 1.29; 168.88
5600440.124996; -0.55; 1.29; 168.88
5618682.485996; -0.55; 1.29; 168.88
5634594.521996; -0.55; 1.29; 168.88
5649593.833996; -0.55; 1.29; 168.88
5664558.286995; -0.55; 1.29; 168.88
5680747.312996; -0.55; 1.29; 168.88
5700509.134998; -0.55; 1.29; 168.88
5714059.386997; -0.55; 1.29; 168.88
5728481.032997; -0.55; 1.29; 168.88
5746081.909996; -0.55; 1.29; 168.88
5760786.507996; -0.55; 1.29; 168.88
5777665.146996; -0.55; 1.29; 168.88
5792816.125996; -0.55; 1.29; 168.88
5812499.037998; -0.55; 1.29; 168.88
5825162.922997; -0.55; 1.29; 168.88
5840478.479996; -0.55; 1.29; 168.88
5858316.024998; -0.55; 1.29; 168.88
5874407.752998; -0.55; 1.29; 168.88
5888620.311996; -0.55; 1.29; 168.88
5904522.043999; -0.55; 1.29; 168.88
5922445.105000; -0.55; 1.29; 168.88
5937231.836994; -0.55; 1.29; 168.88
5952962.052998; -0.55; 1.29; 168.88
5970317.137997; -0.55; 1.29; 168.88
5984433.059998; -0.55; 1.29; 168.88
6001383.835999; -0.55; 1.29; 168.88
6018070.315994; -0.55; 1.29; 168.88
6032477.081997; -0.55; 1.29; 168.88
6050510.429996; -0.55; 1.29; 168.88
6064726.029999; -0.55; 1.29; 168.88
6081557.519997; -0.55; 1.29; 168.88
6096474.673996; -0.55; 1.29; 168.88
6112475.871998; -0.55; 1.29; 168.88
6130822.955997; -0.55; 1.29; 168.88
6145540.761997; -0.55; 1.29; 168.88
6160526.197994; -0.55; 1.29; 168.88
6176459.803997; -0.55; 1.29; 168.88
6194060.745998; -0.55; 1.29; 168.88
6208499.413998; -0.55; 1.29; 168.88
6225502.126999; -0.55; 1.29; 168.88
6240475.847996; -0.55; 1.29; 168.88
6258111.148998; -0.55; 1.29; 168.88
6272530.910999; -0.55; 1.29; 168.88
6288470.054996; -0.55; 1.29; 168.88
6306190.098000; -0.55; 1.29; 168.88
6321179.018997; -0.55; 1.29; 167.97
6336500.928997; -0.56; 1.30; 165.74
6354075.132999; -0.56; 1.30; 162.82
6368484.934998; -0.57; 1.30; 160.65
6384465.889996; -0.57; 1.30; 158.17
6401556.797997; -0.58; 1.30; 155.37
6416747.377998; -0.59; 1.31; 152.99
6433099.939995; -0.59; 1.31; 150.42
6448448.780994; -0.60; 1.31; 148.11
6465693.204998; -0.60; 1.32; 145.32
6480473.878994; -0.61; 1.32; 143.06
6496491.887997; -0.61; 1.33; 140.51
6514136.336998; -0.62; 1.33; 137.72
6528832.586998; -0.62; 1.33; 135.57
6546286.332996; -0.63; 1.34; 132.68
6560494.216999; -0.63; 1.34; 130.58
6577319.631996; -0.64; 1.35; 127.81
6593974.581997; -0.64; 1.35; 125.21
6608485.251999; -0.64; 1.36; 123.03
6626335.112999; -0.65; 1.36; 120.23
6641966.027996; -0.65; 1.37; 117.68
6656542.051998; -0.65; 1.38; 115.40
6674924.635998; -0.66; 1.38; 112.67
6689178.345997; -0.66; 1.39; 110.28
6707347.998997; -0.66; 1.39; 107.56
6720911.632996; -0.66; 1.40; 105.35
6746291.144997; -0.66; 1.41; 101.60
6753303.493996; -0.67; 1.41; 100.23
6768435.812996; -0.67; 1.42; 97.86
6786578.886993; -0.67; 1.43; 95.02
6800917.768997; -0.67; 1.43; 92.76
6817620.063995; -0.67; 1.44; 90.14
6832512.534996; -0.67; 1.44; 87.97
6848456.691998; -0.67; 1.45; 85.59
6865657.784996; -0.67; 1.46; 82.62
6880503.762997; -0.67; 1.46; 80.49
6898641.023998; -0.66; 1.47; 77.55
6913409.948997; -0.66; 1.48; 75.13
6928468.074997; -0.66; 1.48; 72.90
6945190.243996; -0.66; 1.49; 70.14
6961268.367996; -0.66; 1.50; 67.62
6976669.832996; -0.66; 1.50; 65.48
6992450.153996; -0.65; 1.51; 62.97
7009927.262997; -0.65; 1.51; 59.99
7024735.595997; -0.65; 1.52; 57.67
7041836.014999; -0.64; 1.52; 54.99
7056640.790997; -0.64; 1.53; 52.75
7074121.369995; -0.63; 1.53; 49.93
7089217.855999; -0.63; 1.54; 47.57
7105343.275997; -0.63; 1.54; 45.36
7121930.896999; -0.62; 1.55; 42.44
7136628.235996; -0.62; 1.55; 40.33
7153985.831997; -0.61; 1.56; 37.42
7170635.176994; -0.61; 1.56; 34.83
7185083.428997; -0.60; 1.56; 32.54
7200676.161999; -0.59; 1.57; 30.09
7216466.530994; -0.59; 1.57; 27.72
7234448.691998; -0.58; 1.57; 24.80
7249054.386997; -0.58; 1.58; 22.51
7266506.948997; -0.57; 1.58; 19.78
7281207.882999; -0.57; 1.58; 17.47
7296498.545998; -0.56; 1.58; 15.11
7315017.252995; -0.55; 1.58; 12.32
7355845.406994; -0.53; 1.59; 7.06
7372294.192997; -0.53; 1.59; 4.67
7388110.076996; -0.52; 1.59; 2.65
7406811.303997; -0.51; 1.59; 0.19
7421397.936996; -0.50; 1.59; -1.69
7435952.501995; -0.50; 1.59; -3.51
7451832.645996; -0.49; 1.59; -5.47
7467846.837997; -0.48; 1.59; -7.62
7486696.185997; -0.47; 1.59; -10.07
7500697.850998; -0.47; 1.59; -11.98
7517257.476994; -0.46; 1.58; -14.13
7531862.472996; -0.45; 1.58; -15.89
7548976.920998; -0.44; 1.58; -18.24
7563873.014996; -0.44; 1.58; -20.09
7581826.566998; -0.43; 1.57; -22.49
7596040.133995; -0.42; 1.57; -24.34
7613097.808994; -0.41; 1.57; -26.55
7627873.880997; -0.41; 1.56; -28.41
7645492.805996; -0.40; 1.56; -30.75
7662004.050999; -0.39; 1.56; -32.89
7675865.677998; -0.39; 1.55; -34.67
7692977.156998; -0.38; 1.55; -36.90
7707865.189995; -0.38; 1.54; -38.82
7725070.974995; -0.37; 1.54; -41.06
7739870.182999; -0.37; 1.53; -42.87
7756875.194996; -0.36; 1.53; -45.19
7771852.109997; -0.36; 1.52; -47.04
7789009.479996; -0.35; 1.52; -49.35
7804539.174995; -0.35; 1.51; -51.13
7820251.829998; -0.34; 1.51; -53.24
7836010.274998; -0.34; 1.50; -55.44
7853285.008995; -0.33; 1.49; -57.68
7868910.821999; -0.33; 1.49; -59.70
7883894.567997; -0.32; 1.48; -61.58
7899887.820000; -0.32; 1.47; -63.58
7915878.367996; -0.32; 1.47; -65.74
7933120.075996; -0.31; 1.46; -68.02
7947875.163998; -0.31; 1.45; -69.83
7965076.738995; -0.31; 1.45; -72.17
7979856.855999; -0.31; 1.44; -73.99
7995865.264996; -0.30; 1.43; -76.09
8011762.357994; -0.30; 1.42; -78.22
8029658.350998; -0.30; 1.42; -80.54
8043908.629997; -0.30; 1.41; -82.27
8061754.771999; -0.30; 1.40; -84.70
8075881.386997; -0.30; 1.39; -86.54
8093129.635998; -0.30; 1.39; -88.76
8107860.507999; -0.30; 1.38; -90.54
8125136.631996; -0.30; 1.37; -92.92
8139926.750996; -0.30; 1.36; -94.76
8155913.823997; -0.30; 1.36; -96.88
8173041.131996; -0.30; 1.35; -99.12
8188228.491997; -0.30; 1.34; -100.97
8204081.424999; -0.30; 1.33; -103.09
8221859.171997; -0.31; 1.33; -105.43
8235904.289997; -0.31; 1.32; -107.20
8252941.905994; -0.31; 1.31; -109.48
8267852.541996; -0.31; 1.30; -111.37
8284685.318996; -0.32; 1.30; -113.60
8300749.058998; -0.32; 1.29; -115.50
8320793.674000; -0.32; 1.28; -118.05
8331860.526997; -0.33; 1.28; -119.31
8349723.655998; -0.33; 1.27; -121.36
8363980.737999; -0.33; 1.26; -122.92
8381354.709999; -0.34; 1.26; -124.82
8396687.827995; -0.34; 1.25; -126.49
8413803.984997; -0.35; 1.24; -128.36
8428330.449997; -0.35; 1.24; -129.85
8443912.404995; -0.36; 1.23; -131.64
8461279.264996; -0.36; 1.22; -133.55
8476058.586998; -0.37; 1.22; -135.08
8494305.633995; -0.38; 1.21; -137.07
8507867.534996; -0.38; 1.21; -138.60
8526295.837997; -0.39; 1.20; -140.56
8540099.220997; -0.39; 1.20; -142.15
8557183.389999; -0.40; 1.19; -144.01
8571906.463997; -0.41; 1.19; -145.54
8589496.295998; -0.41; 1.18; -147.54
8604346.647995; -0.42; 1.18; -149.06
8620325.402000; -0.43; 1.18; -150.78
8638079.695000; -0.43; 1.17; -152.84
8651957.645996; -0.44; 1.17; -154.37
8667850.716000; -0.45; 1.17; -155.96
8683859.591995; -0.45; 1.16; -157.77
8701803.446999; -0.46; 1.16; -159.81
8716141.025997; -0.47; 1.16; -161.38
8734572.624996; -0.48; 1.15; -163.30
8748215.661999; -0.49; 1.15; -164.88
8763856.000996; -0.49; 1.15; -166.41
8780784.691994; -0.50; 1.15; -168.43
8795882.400997; -0.51; 1.15; -169.96
8811864.475998; -0.52; 1.15; -171.73
8829666.218994; -0.53; 1.14; -173.75
8843858.269997; -0.53; 1.14; -175.28
8861528.075996; -0.54; 1.14; -177.24
8877175.329998; -0.55; 1.14; -178.96
8891966.552998; -0.56; 1.14; 179.43
8909902.377998; -0.57; 1.14; 177.47
8923881.618996; -0.57; 1.14; 176.00
8943047.090996; -0.58; 1.14; 173.84
8956668.337997; -0.59; 1.14; 172.36
8973266.665997; -0.60; 1.15; 170.55
8988161.793995; -0.60; 1.15; 169.04
9005442.523994; -0.61; 1.15; 167.05
9019877.845997; -0.62; 1.15; 165.49
9037664.727997; -0.63; 1.15; 163.52
9052464.893997; -0.64; 1.16; 161.90
9067842.458000; -0.64; 1.16; 160.29
9085151.348995; -0.65; 1.16; 158.33
9100012.555996; -0.66; 1.16; 156.79
9116299.938000; -0.66; 1.17; 154.93
9133666.560997; -0.67; 1.17; 153.03
9147888.810997; -0.68; 1.17; 151.50
9163779.842999; -0.69; 1.18; 149.76
9181374.410995; -0.69; 1.18; 147.83
9195880.507999; -0.70; 1.19; 146.35
9212545.663998; -0.71; 1.19; 144.42
9229854.855999; -0.71; 1.20; 142.52
9243850.715000; -0.72; 1.20; 141.08
9259923.699997; -0.73; 1.21; 139.26
9275861.855000; -0.73; 1.21; 137.65
9293093.033997; -0.74; 1.22; 135.62
9309964.393993; -0.74; 1.22; 133.78
9323893.171997; -0.75; 1.23; 131.76
9342303.365997; -0.75; 1.23; 128.73
9355849.716995; -0.75; 1.24; 126.36
9372976.552994; -0.76; 1.24; 123.47
9388120.202999; -0.76; 1.25; 121.03
9404385.526997; -0.76; 1.25; 118.34
9419848.521996; -0.77; 1.26; 115.79
9435824.217999; -0.77; 1.26; 113.16
9454400.656998; -0.77; 1.27; 110.16
9467984.115997; -0.77; 1.27; 107.65
9483769.719997; -0.78; 1.28; 105.07
9501633.267998; -0.78; 1.29; 102.09
9515900.647999; -0.78; 1.29; 99.86
9532090.807999; -0.78; 1.30; 96.98
9548897.202999; -0.78; 1.30; 94.19
9566131.649994; -0.78; 1.31; 91.32
9580009.275997; -0.78; 1.32; 89.01
9595927.619995; -0.78; 1.32; 86.68
9612533.139999; -0.78; 1.33; 83.59
9627850.394997; -0.78; 1.33; 81.33
9643867.699997; -0.78; 1.34; 78.76
9661356.090996; -0.78; 1.35; 75.51
9677132.289997; -0.78; 1.35; 72.84
9691903.625996; -0.77; 1.36; 70.55
9709602.359997; -0.77; 1.36; 67.44
9723912.503998; -0.77; 1.37; 65.10
9741017.546997; -0.77; 1.37; 62.21
9755978.274998; -0.76; 1.38; 59.72
9773603.912998; -0.76; 1.39; 56.79
9787968.327000; -0.76; 1.39; 54.58
9805239.856998; -0.75; 1.40; 51.52
9822048.743996; -0.75; 1.40; 48.72
9835835.165997; -0.75; 1.40; 46.54
9851846.309998; -0.74; 1.41; 43.98
9870706.779999; -0.74; 1.41; 40.62
9883964.331997; -0.73; 1.42; 38.40
9901257.183998; -0.73; 1.42; 35.53
9916568.470997; -0.72; 1.42; 32.97
9933838.424995; -0.72; 1.43; 30.10
9947940.893997; -0.71; 1.43; 27.90
9965862.632996; -0.71; 1.43; 24.77
9979899.945000; -0.70; 1.44; 22.53
9997179.201000; -0.69; 1.44; 19.59
10011930.282997; -0.69; 1.44; 17.11
10029252.725998; -0.68; 1.44; 14.22
10046002.274998; -0.68; 1.44; 11.44
10059915.439995; -0.67; 1.44; 9.13
10077416.909000; -0.66; 1.44; 6.20
10091845.823997; -0.66; 1.45; 3.85
10108996.126995; -0.65; 1.45; 0.93
10123915.007000; -0.65; 1.45; -1.40
10141506.578999; -0.64; 1.45; -4.43
10155859.913994; -0.63; 1.44; -6.87
10172864.686996; -0.63; 1.44; -9.69
10188048.264996; -0.62; 1.44; -12.14
10204319.313995; -0.62; 1.44; -14.93
10221801.792999; -0.61; 1.44; -17.75
10235859.137997; -0.61; 1.44; -20.12
10254096.166996; -0.60; 1.44; -23.14
10269658.264996; -0.59; 1.43; -25.69
10284180.553997; -0.59; 1.43; -28.05
10299840.294998; -0.58; 1.43; -30.71
10319913.733997; -0.58; 1.42; -33.79
10336943.145996; -0.57; 1.42; -35.74
10349662.894997; -0.57; 1.42; -36.89
10363894.090996; -0.56; 1.41; -38.51
10381232.634998; -0.55; 1.40; -40.42
10395873.092999; -0.55; 1.40; -41.89
10413074.248997; -0.54; 1.39; -43.77
10429292.299999; -0.53; 1.39; -45.49
10443894.469997; -0.53; 1.38; -46.92
10459823.221996; -0.52; 1.38; -48.65
10475890.353996; -0.52; 1.37; -50.39
10491860.578995; -0.51; 1.37; -52.06
10508975.262997; -0.51; 1.36; -53.91
10523866.549000; -0.50; 1.35; -55.35
10539885.537994; -0.50; 1.35; -57.17
10557774.304996; -0.50; 1.34; -59.07
10571735.251995; -0.49; 1.33; -60.52
10589548.868996; -0.49; 1.32; -62.41
10603857.371998; -0.48; 1.32; -63.88
10621238.389996; -0.48; 1.31; -65.76
10635858.228996; -0.48; 1.30; -67.29
10654386.881996; -0.47; 1.29; -69.15
10667944.237995; -0.47; 1.29; -70.63
10683863.250996; -0.47; 1.28; -72.28
10700567.582996; -0.47; 1.27; -74.15
10715851.182999; -0.46; 1.27; -75.69
10733793.838997; -0.46; 1.26; -77.66
10747961.102997; -0.46; 1.25; -79.14
10765948.285999; -0.46; 1.24; -81.06
10780355.720997; -0.46; 1.23; -82.49
10796407.655998; -0.46; 1.23; -84.28
10811895.872997; -0.46; 1.22; -85.73
10829054.410995; -0.46; 1.21; -87.72
10843866.364998; -0.46; 1.20; -89.27
10861414.629997; -0.46; 1.19; -91.13
10875868.325996; -0.46; 1.19; -92.58
10893374.884998; -0.46; 1.18; -94.51
10907999.502995; -0.46; 1.17; -96.00
10924232.805996; -0.46; 1.16; -97.78
10939875.552998; -0.46; 1.15; -99.34
10955878.894997; -0.46; 1.15; -101.08
10973761.886997; -0.46; 1.14; -103.01
10987862.121998; -0.46; 1.13; -104.47
11004270.732998; -0.47; 1.12; -106.23
11020175.964996; -0.47; 1.12; -107.71
11035885.680996; -0.47; 1.11; -109.42
11052364.818996; -0.47; 1.10; -111.31
11067861.006996; -0.48; 1.09; -112.88
11085192.784996; -0.48; 1.08; -114.78
11099889.827995; -0.48; 1.08; -116.28
11117439.500996; -0.49; 1.07; -118.19
11131829.378998; -0.49; 1.06; -119.66
11149259.099998; -0.50; 1.06; -121.55
11163932.067997; -0.50; 1.05; -122.99
11180036.577999; -0.50; 1.04; -124.80
11197310.016998; -0.51; 1.04; -126.62
11211848.114998; -0.51; 1.03; -128.12
11228353.786999; -0.52; 1.02; -129.91
11245507.773994; -0.52; 1.02; -131.70
11259915.880997; -0.53; 1.01; -133.25
11277767.836994; -0.54; 1.01; -135.13
11291964.246994; -0.54; 1.00; -136.50
11308970.762997; -0.55; 1.00; -138.42
11325839.827995; -0.55; 0.99; -139.14
11340592.297997; -0.55; 0.99; -139.14
11357494.988998; -0.55; 0.99; -139.14
11373823.227997; -0.55; 0.99; -139.14
11388118.523998; -0.55; 0.99; -139.14
11405508.668999; -0.55; 0.99; -139.14
11422575.174995; -0.55; 0.99; -139.14
11436509.328999; -0.55; 0.99; -139.14
11453183.187996; -0.55; 0.99; -139.14
11467900.594997; -0.55; 0.99; -139.14
11483896.389999; -0.55; 0.99; -139.14
11500994.826996; -0.55; 0.99; -139.14
11516206.237000; -0.55; 0.99; -139.14
11532277.398994; -0.55; 0.99; -139.14
11549269.580997; -0.55; 0.99; -139.14
11565747.535995; -0.55; 0.99; -139.14
11579913.472000; -0.55; 0.99; -139.14
11596678.183998; -0.55; 0.99; -139.14
11612195.265999; -0.55; 0.99; -139.14
11629405.455997; -0.55; 0.99; -139.14
11645714.278996; -0.55; 0.99; -139.14
11660680.121994; -0.55; 0.99; -139.14
11676023.209995; -0.55; 0.99; -139.14
11693301.191998; -0.55; 0.99; -139.14
11709323.653996; -0.55; 0.99; -139.14
11723932.065994; -0.55; 0.99; -139.14
11741744.143997; -0.55; 0.99; -139.14
11755992.389996; -0.55; 0.99; -139.14
11773236.045998; -0.55; 0.99; -139.14
11788304.035999; -0.55; 0.99; -139.14
11805339.717995; -0.55; 0.99; -139.14
11820093.163998; -0.55; 0.99; -139.14
11835889.879997; -0.55; 0.99; -139.14
11853637.994995; -0.55; 0.99; -139.14
11867885.050995; -0.55; 0.99; -139.14
11884211.725998; -0.55; 0.99; -139.14
11901923.264996; -0.55; 0.99; -139.14
11916258.552998; -0.55; 0.99; -139.14
11931903.274998; -0.55; 0.99; -139.14
11947957.711998; -0.55; 0.99; -139.14
11963862.666996; -0.55; 0.99; -139.14
11980080.170994; -0.55; 0.99; -139.14
11998097.117996; -0.55; 0.99; -139.14
12011868.552998; -0.55; 0.99; -139.14
12029180.238998; -0.55; 0.99; -139.14
12045453.900997; -0.55; 0.99; -139.14
12059973.410000; -0.55; 0.99; -139.14
12077203.633999; -0.55; 0.99; -139.14
12093246.661999; -0.55; 0.99; -139.14
12107877.251995; -0.55; 0.99; -139.14
12123856.369999; -0.55; 0.99; -139.14
12139962.473995; -0.55; 0.99; -139.14
12158792.013996; -0.55; 0.99; -139.14
12171866.529999; -0.55; 0.99; -139.14
12191422.782997; -0.55; 0.99; -139.14
12204624.504997; -0.55; 0.99; -139.14
12219976.966995; -0.55; 0.99; -139.14
12237636.649998; -0.55; 0.99; -139.14
12251887.424995; -0.55; 0.99; -139.14
12267879.309998; -0.55; 0.99; -139.14
12283925.132000; -0.55; 0.99; -139.14
12299845.628994; -0.55; 0.99; -139.14
12317435.598995; -0.55; 0.99; -139.14
12332572.018997; -0.55; 0.99; -139.14
12348223.063999; -0.55; 0.99; -139.14
12367901.970997; -0.55; 0.99; -139.14
12380987.101997; -0.55; 0.99; -139.14
12395953.496998; -0.55; 0.99; -139.14
12411948.965000; -0.55; 0.99; -139.14
12427917.609997; -0.55; 0.99; -139.14
12447254.199997; -0.55; 0.99; -139.14
12462314.296997; -0.55; 0.99; -139.14
12475879.269997; -0.55; 0.99; -139.14
12492255.202000; -0.55; 0.99; -139.14
12509651.695999; -0.55; 0.99; -139.14
12523921.185997; -0.55; 0.99; -139.14
12541841.948997; -0.55; 0.99; -139.14
12556624.361996; -0.55; 0.99; -139.14
12571857.584995; -0.55; 0.99; -139.14
12589147.061996; -0.55; 0.99; -139.14
12604405.848000; -0.55; 0.99; -139.14
12619994.264996; -0.55; 0.99; -139.14
12635876.970997; -0.55; 0.99; -139.14
12651997.434998; -0.55; 0.99; -139.14
12667854.678997; -0.55; 0.99; -139.14
12685528.639996; -0.55; 0.99; -139.14
12700926.253998; -0.55; 0.99; -139.14
12715869.399998; -0.55; 0.99; -139.14
12734100.250000; -0.55; 0.99; -139.14
12748184.796997; -0.55; 0.99; -139.14
12765766.265999; -0.55; 0.99; -139.14
12779862.114998; -0.55; 0.99; -139.14
12797469.084999; -0.55; 0.99; -139.14
12813099.718998; -0.55; 0.99; -139.14
12827924.059998; -0.55; 0.99; -139.14
12843865.449997; -0.55; 0.99; -139.14
12861292.062996; -0.55; 0.99; -139.14
12876668.570000; -0.55; 0.99; -139.14
12892626.716999; -0.55; 0.99; -139.14
12907904.141994; -0.55; 0.99; -139.14
12923934.015995; -0.55; 0.99; -139.14
12942429.179996; -0.55; 0.99; -139.14
12955858.161995; -0.55; 0.99; -139.14
12972298.242996; -0.55; 0.99; -139.14
12989904.254997; -0.55; 0.99; -139.14
13003963.340996; -0.55; 0.99; -139.14
13021941.884998; -0.55; 0.99; -139.14
13036444.297997; -0.55; 0.99; -139.14
13052124.240997; -0.55; 0.99; -139.14
13070280.444996; -0.55; 0.99; -139.14
13083999.338997; -0.55; 0.99; -139.14
13101204.783997; -0.55; 0.99; -139.14
13115847.022999; -0.55; 0.99; -139.14
13132987.959995; -0.55; 0.99; -139.14
13148612.027996; -0.55; 0.99; -139.14
13166141.991997; -0.55; 0.99; -139.14
13179852.365997; -0.55; 0.99; -139.14
13197668.094997; -0.55; 0.99; -139.14
13211875.318996; -0.55; 0.99; -139.14
13229089.400997; -0.55; 0.99; -139.14
13243840.815998; -0.55; 0.99; -139.14
13261899.416996; -0.55; 0.99; -139.14
13275905.097996; -0.55; 0.99; -139.14
13292778.430996; -0.55; 0.99; -139.14
13310061.443996; -0.55; 0.99; -139.14
13323845.445995; -0.55; 0.99; -139.14
13341350.737999; -0.55; 0.99; -139.14
13355867.362999; -0.55; 0.99; -139.14
13373649.788998; -0.55; 0.99; -139.14
13388245.485996; -0.55; 0.99; -139.14
13403886.156994; -0.55; 0.99; -139.14
13421134.580997; -0.55; 0.99; -139.14
13437315.644997; -0.55; 0.99; -139.14
13451866.050999; -0.55; 0.99; -139.14
13469592.293995; -0.55; 0.99; -139.14
13485866.952995; -0.55; 0.99; -139.14
13499816.385998; -0.55; 0.99; -139.14
13516278.967999; -0.55; 0.99; -139.14
13533843.510998; -0.55; 0.99; -139.14
13547991.446995; -0.55; 0.99; -139.14
13565538.855995; -0.55; 0.99; -139.14
13579896.084995; -0.55; 0.99; -139.14
13597288.033997; -0.55; 0.99; -139.14
13611868.302998; -0.55; 0.99; -139.14
13628030.451000; -0.55; 0.99; -139.14
13643876.735996; -0.55; 0.99; -139.14
13661575.087997; -0.55; 0.99; -139.14
13675859.961994; -0.55; 0.99; -139.14
13693003.816998; -0.55; 0.99; -139.14
13708137.268997; -0.55; 0.99; -139.14
13725226.206997; -0.55; 0.99; -139.14
13739863.885998; -0.55; 0.99; -139.14
13757050.666996; -0.55; 0.99; -139.14
13771877.331997; -0.55; 0.99; -139.14
13789094.615993; -0.55; 0.99; -139.14
13804042.906998; -0.55; 0.99; -139.14
13821452.510998; -0.55; 0.99; -139.14
13837813.910999; -0.55; 0.99; -139.14
13851764.247997; -0.55; 0.99; -139.14
13868045.831997; -0.55; 0.99; -139.14
13883863.406998; -0.55; 0.99; -139.14
13901572.430996; -0.55; 0.99; -139.14
13916769.188999; -0.55; 0.99; -139.14
13931913.904999; -0.55; 0.99; -139.14
13949423.325996; -0.55; 0.99; -139.14
13964973.033997; -0.55; 0.99; -139.14
13981656.332996; -0.55; 0.99; -139.14
13995873.578999; -0.55; 0.99; -139.14
14012599.619995; -0.55; 0.99; -139.14
14028033.383995; -0.55; 0.99; -139.14
14043850.014996; -0.55; 0.99; -139.14
14061192.779995; -0.55; 0.99; -139.14
14075867.040997; -0.55; 0.99; -139.14
14093185.837997; -0.55; 0.99; -139.14
14107860.576996; -0.55; 0.99; -139.14
14123915.036999; -0.55; 0.99; -139.14
14141400.700996; -0.55; 0.99; -139.14
14157939.112999; -0.55; 0.99; -139.14
14173338.698997; -0.55; 0.99; -139.14
14187839.349995; -0.55; 0.99; -139.14
14206019.358994; -0.55; 0.99; -139.14
14220165.147999; -0.55; 0.99; -139.14
14237610.178997; -0.55; 0.99; -139.14
14252027.956997; -0.55; 0.99; -139.14
14269820.532997; -0.55; 0.99; -139.14
14284210.099998; -0.55; 0.99; -139.14
14299859.807995; -0.55; 0.99; -139.14
14316551.095997; -0.55; 0.99; -139.14
14334699.278999; -0.55; 0.99; -139.14
14347822.702999; -0.55; 0.99; -139.14
14364654.360996; -0.55; 0.99; -139.14
14380315.782997; -0.55; 0.99; -139.14
14398148.989998; -0.55; 0.99; -139.14
14412884.687996; -0.55; 0.99; -139.14
14428769.046997; -0.55; 0.99; -139.14
14443862.763996; -0.55; 0.99; -139.14
14459860.332996; -0.55; 0.99; -139.14
14476669.523998; -0.55; 0.99; -139.14
14493887.797997; -0.55; 0.99; -139.14
14507820.209995; -0.55; 0.99; -139.14
t; x; y; theta
15691851.086998; -0.55; 0.99; -139.14
15707955.062996; -0.55; 0.99; -139.14
15724795.712997; -0.55; 0.99; -139.14
15739883.449997; -0.55; 0.99; -139.14
15757341.443996; -0.55; 0.99; -139.14
15771863.063995; -0.55; 0.99; -139.14
15788899.743996; -0.55; 0.99; -139.14
15804132.137997; -0.55; 0.99; -139.14
15821242.372997; -0.55; 0.99; -139.14
15835936.858997; -0.55; 0.99; -139.14
15853173.600994; -0.55; 0.99; -139.14
15867855.849998; -0.55; 0.99; -139.14
15883856.016994; -0.55; 0.99; -139.14
15901472.525997; -0.55; 0.99; -139.14
15916059.475998; -0.55; 0.99; -139.14
15934073.440998; -0.55; 0.99; -139.14
15947893.875996; -0.55; 0.99; -139.14
15964969.597996; -0.55; 0.99; -139.14
15982029.178997; -0.55; 0.99; -139.14
15995875.766998; -0.55; 0.99; -139.14
16013227.012997; -0.55; 0.99; -139.14
16027894.613998; -0.55; 0.99; -139.14
16043894.486000; -0.55; 0.99; -139.14
16061022.136997; -0.55; 0.99; -139.14
16077123.396996; -0.55; 0.99; -139.14
16094269.414997; -0.55; 0.99; -139.14
16109622.194996; -0.55; 0.99; -139.14
16125692.072994; -0.55; 0.99; -139.14
16139948.123997; -0.55; 0.99; -139.14
16155848.464996; -0.55; 0.99; -139.14
16173513.509998; -0.55; 0.99; -139.14
16187866.289997; -0.55; 0.99; -139.14
16204838.000996; -0.55; 0.99; -139.14
16221651.577995; -0.55; 0.99; -139.14
16236219.836998; -0.55; 0.99; -139.14
16251844.232998; -0.55; 0.99; -139.14
16267954.162998; -0.55; 0.99; -139.14
16285650.028000; -0.55; 0.99; -139.14
16300882.634995; -0.55; 0.99; -139.14
16317592.830997; -0.55; 0.99; -139.14
16333377.615997; -0.55; 0.99; -139.14
16351068.466000; -0.55; 0.99; -139.14
16365998.638996; -0.55; 0.99; -139.14
16380828.658997; -0.55; 0.99; -139.14
16395912.569996; -0.55; 0.99; -139.14
16413318.565998; -0.55; 0.99; -139.14
16427926.546997; -0.55; 0.99; -139.14
16445130.102997; -0.55; 0.99; -139.14
16459842.602997; -0.55; 0.99; -139.14
16477832.680996; -0.55; 0.99; -139.14
16492180.463997; -0.55; 0.99; -139.14
16508645.496994; -0.55; 0.99; -139.14
16526675.514996; -0.55; 0.99; -139.14
16542428.360996; -0.55; 0.99; -139.14
16555859.154999; -0.55; 0.99; -139.14
16572542.284996; -0.55; 0.99; -139.14
16587923.153996; -0.55; 0.99; -139.14
16606122.463997; -0.55; 0.99; -139.14
16621137.009998; -0.55; 0.99; -139.14
16636567.202000; -0.55; 0.99; -139.14
16651888.690998; -0.55; 0.99; -139.14
16668047.868999; -0.55; 0.99; -139.14
16683914.559998; -0.55; 0.99; -139.14
16701214.299999; -0.55; 0.99; -139.14
16717764.356998; -0.55; 0.99; -139.14
16733118.772995; -0.55; 0.99; -139.14
16748204.362995; -0.55; 0.99; -139.14
16764017.420998; -0.55; 0.99; -139.14
16780932.080997; -0.55; 0.99; -139.14
16795851.519997; -0.55; 0.99; -139.14
16811861.294998; -0.55; 0.99; -139.14
16828091.335999; -0.55; 0.99; -139.14
16843877.349998; -0.55; 0.99; -139.14
16859881.448997; -0.55; 0.99; -139.14
16876816.351997; -0.55; 0.99; -139.14
16892834.577995; -0.55; 0.99; -139.14
16908767.615997; -0.55; 0.99; -139.14
16923856.996998; -0.55; 0.99; -139.14
16943011.303997; -0.55; 0.99; -139.14
16955868.565994; -0.55; 0.99; -139.14
16972694.659996; -0.55; 0.99; -139.14
16987875.948997; -0.55; 0.99; -139.14
17005620.388996; -0.55; 0.99; -139.14
17021249.685997; -0.55; 0.99; -139.14
17039244.710999; -0.55; 0.99; -139.14
17053415.079998; -0.55; 0.99; -139.14
17068715.527996; -0.55; 0.99; -139.14
17083838.801998; -0.55; 0.99; -139.14
17099911.433994; -0.55; 0.99; -139.14
17117549.486000; -0.55; 0.99; -139.14
17133067.958996; -0.55; 0.99; -139.14
17150704.564999; -0.55; 0.99; -139.14
17164956.203999; -0.55; 0.99; -139.14
17179856.237999; -0.55; 0.99; -139.14
17195906.400997; -0.55; 0.99; -139.14
17211863.450996; -0.55; 0.99; -139.14
17228744.468994; -0.55; 0.99; -139.14
17244590.730999; -0.55; 0.99; -139.14
17259858.598995; -0.55; 0.99; -139.14
17277850.883995; -0.55; 0.99; -139.14
17292533.568996; -0.55; 0.99; -139.14
17307844.886997; -0.55; 0.99; -139.14
17325960.041996; -0.55; 0.99; -139.14
17340980.690998; -0.55; 0.99; -139.14
17356650.247997; -0.55; 0.99; -139.14
17372055.177998; -0.55; 0.99; -139.14
17389269.359997; -0.55; 0.99; -139.14
17405137.133999; -0.55; 0.99; -139.14
17421505.439995; -0.55; 0.99; -139.14
17437664.178997; -0.55; 0.99; -139.14
17451939.159000; -0.55; 0.99; -139.14
17467888.306995; -0.55; 0.99; -139.14
17483876.659996; -0.55; 0.99; -139.14
17501972.401997; -0.55; 0.99; -139.14
17517206.955997; -0.55; 0.99; -139.14
17532151.521996; -0.55; 0.99; -139.14
17547895.271000; -0.55; 0.99; -139.14
17566379.272995; -0.55; 0.99; -139.14
17581747.523998; -0.55; 0.99; -139.14
17597080.969997; -0.55; 0.99; -139.14
17611927.309998; -0.55; 0.99; -139.14
17627824.962997; -0.55; 0.99; -139.14
17644420.219997; -0.55; 0.99; -139.14
17661258.226997; -0.55; 0.99; -139.14
17675848.830994; -0.55; 0.99; -139.14
17693100.503998; -0.55; 0.99; -139.14
17707876.490997; -0.55; 0.99; -139.14
17725290.119995; -0.55; 0.99; -139.14
17739976.878998; -0.55; 0.99; -139.14
17757069.996998; -0.55; 0.99; -139.14
17771947.171997; -0.55; 0.99; -139.14
17789523.045998; -0.55; 0.99; -139.14
17804308.278999; -0.55; 0.99; -139.14
17821836.095997; -0.55; 0.99; -139.14
17836514.306000; -0.55; 0.99; -139.14
17852146.053997; -0.55; 0.99; -139.14
17870034.411995; -0.55; 0.99; -139.14
17883974.256996; -0.55; 0.99; -139.14
17899863.679996; -0.55; 0.99; -139.14
17917672.338997; -0.55; 0.99; -139.14
17934489.969997; -0.55; 0.99; -139.14
17948781.219997; -0.55; 0.99; -139.14
17963912.264996; -0.55; 0.99; -139.14
17979860.856998; -0.55; 0.99; -139.14
17997132.924999; -0.55; 0.99; -139.14
18011925.817997; -0.55; 0.99; -139.14
18029346.491997; -0.55; 0.99; -139.14
18043872.592999; -0.55; 0.99; -139.14
18062003.659996; -0.55; 0.99; -139.14
18075884.427998; -0.55; 0.99; -139.14
18094049.873997; -0.55; 0.99; -139.14
18108637.294994; -0.55; 0.99; -139.14
18123871.974998; -0.55; 0.99; -139.14
18140649.341999; -0.55; 0.99; -139.14
18155913.486996; -0.55; 0.99; -139.14
18173747.828995; -0.55; 0.99; -139.14
18188886.769997; -0.55; 0.99; -139.14
18204167.737999; -0.55; 0.99; -139.14
18221858.526997; -0.55; 0.99; -139.14
18236269.385998; -0.55; 0.99; -139.14
18251827.933998; -0.55; 0.99; -139.14
18272497.849995; -0.55; 0.99; -139.14
18285952.931995; -0.55; 0.99; -139.14
18305506.496998; -0.55; 0.99; -139.14
18318840.294998; -0.55; 0.99; -139.14
18339749.473995; -0.55; 0.99; -139.14
18349831.743996; -0.55; 0.99; -139.14
18363852.467999; -0.55; 0.99; -139.14
18381201.049000; -0.55; 0.99; -139.14
18397641.264996; -0.55; 0.99; -139.14
18411904.166996; -0.55; 0.99; -139.14
18427916.867996; -0.55; 0.99; -139.14
18443943.375996; -0.55; 0.99; -139.14
18461720.715996; -0.55; 0.99; -139.14
18475867.670994; -0.55; 0.99; -139.14
18493189.478996; -0.55; 0.99; -139.14
18508413.057999; -0.55; 0.99; -139.14
18524726.850998; -0.55; 0.99; -139.14
18539882.729996; -0.55; 0.99; -139.14
18555738.760998; -0.55; 0.99; -139.14
18573403.882996; -0.55; 0.99; -139.14
18588015.914997; -0.55; 0.99; -139.14
18603895.185997; -0.55; 0.99; -139.14
18622010.789997; -0.55; 0.99; -139.14
18637277.532997; -0.55; 0.99; -139.14
18653065.924995; -0.55; 0.99; -139.14
18668344.365993; -0.55; 0.99; -139.14
18685069.771999; -0.55; 0.99; -139.14
18700120.747997; -0.55; 0.99; -139.14
18715925.450996; -0.55; 0.99; -139.14
18733309.163998; -0.55; 0.99; -139.14
18747851.639000; -0.55; 0.99; -139.14
18765285.550999; -0.55; 0.99; -139.14
18779910.754997; -0.55; 0.99; -139.14
18797720.963997; -0.55; 0.99; -139.14
18812284.700996; -0.55; 0.99; -139.14
18829545.158997; -0.55; 0.99; -139.14
18843876.392998; -0.55; 0.99; -139.14
18860411.994999; -0.55; 0.99; -139.14
18877835.853996; -0.55; 0.99; -139.14
18892401.993996; -0.55; 0.99; -139.14
18909658.970997; -0.55; 0.99; -139.14
18923941.156998; -0.55; 0.99; -139.14
18943930.004997; -0.55; 0.99; -139.14
18958349.887997; -0.55; 0.99; -139.14
18972096.488998; -0.55; 0.99; -139.14
18987869.424000; -0.55; 0.99; -139.14
19004315.608997; -0.55; 0.99; -139.14
19021846.118996; -0.55; 0.99; -139.14
19036306.007996; -0.55; 0.99; -139.14
19052126.613998; -0.55; 0.99; -139.14
19067844.190998; -0.55; 0.99; -139.14
19083885.232998; -0.55; 0.99; -139.14
19099865.998997; -0.55; 0.99; -139.14
19116102.340996; -0.55; 0.99; -139.14
19133333.650997; -0.55; 0.99; -139.14
19148862.773998; -0.55; 0.99; -139.14
19163881.744999; -0.55; 0.99; -139.14
19181081.976997; -0.55; 0.99; -139.14
19195905.028996; -0.55; 0.99; -139.14
19211759.688995; -0.55; 0.99; -139.14
19228928.502998; -0.55; 0.99; -139.14
19245526.295998; -0.55; 0.99; -139.14
19274632.661999; -0.55; 0.99; -139.14
t; x; y; theta
14736398.972000; 0.00; 0.00; 0.00
14753519.827999; 0.00; 0.00; 0.00
14769587.922997; 0.00; 0.00; 0.00
14784524.166000; 0.00; 0.00; 0.00
14800846.909000; 0.00; 0.00; 0.00
14818198.608997; 0.00; 0.00; 0.00
14832451.869999; 0.00; 0.00; 0.00
14849967.841000; 0.00; 0.00; 0.00
14864530.197998; 0.00; 0.00; 0.00
14881203.573002; 0.00; 0.00; 0.00
14896712.089001; 0.00; 0.00; 0.00
14913722.313999; 0.00; 0.00; 0.00
14928779.350002; 0.00; 0.00; 0.00
14946108.404003; 0.00; 0.00; 0.00
14960532.052998; 0.00; 0.00; 0.00
14976419.248001; 0.00; 0.00; 0.00
14992430.834999; 0.00; 0.00; 0.00
15008333.068001; 0.00; 0.00; 0.00
15024427.704002; 0.00; 0.00; 0.00
15041507.333000; 0.00; 0.00; 0.00
15056755.639000; 0.00; 0.00; 0.00
15073752.436996; 0.00; 0.00; 0.00
15088515.119999; 0.00; 0.00; 0.00
15104414.196999; 0.00; 0.00; 0.00
15121253.149998; 0.00; 0.00; 0.00
15137789.648003; 0.00; 0.00; 0.00
15153241.742001; 0.00; 0.00; 0.00
15168689.110001; 0.00; 0.00; 0.00
15184422.084999; 0.00; 0.00; 0.00
15202052.930000; 0.00; 0.00; 0.00
15216496.285000; 0.00; 0.00; 0.00
15233109.995998; 0.00; 0.00; 0.00
15248497.953999; 0.00; 0.00; 0.00
15264426.614998; 0.00; 0.00; 0.00
15280444.893002; 0.00; 0.00; 0.00
15296453.109001; 0.00; 0.00; 0.00
15312752.908001; 0.00; 0.00; 0.00
15330186.739002; 0.00; 0.00; 0.00
15344601.017002; 0.00; 0.00; 0.00
15362079.737999; 0.00; 0.00; 0.00
15376462.500999; 0.00; 0.00; 0.00
15394474.280998; 0.00; 0.00; 0.00
15410672.343998; 0.00; 0.00; 0.00
15424382.638000; 0.00; 0.00; 0.00
15441571.672001; 0.00; 0.00; 0.00
15456448.443001; 0.00; 0.00; 0.00
15472417.780998; 0.00; 0.00; 0.00
15489843.569000; 0.00; 0.00; 0.00
15504438.597000; 0.00; 0.00; 0.00
15522006.459000; 0.00; 0.00; 0.00
15536434.714001; 0.00; 0.00; 0.00
15553069.677002; 0.00; 0.00; 0.00
15570039.424000; 0.00; 0.00; 0.00
15584428.891998; 0.00; 0.00; 0.00
15601685.495998; 0.00; 0.00; 0.00
15616454.041000; 0.00; 0.00; 0.00
15632466.406002; 0.00; 0.00; 0.00
15650297.646999; 0.00; 0.00; 0.00
15664421.802998; 0.00; 0.00; 0.00
15680484.029999; 0.00; 0.00; 0.00
15697587.496002; 0.00; 0.00; 0.00
15712450.195999; 0.00; 0.00; 0.00
15729706.459999; 0.00; 0.00; 0.00
15746772.514999; 0.00; 0.00; 0.00
15761028.889000; 0.00; 0.00; 0.00
15776438.704002; 0.00; 0.00; 0.00
15794309.540001; 0.00; 0.00; 0.00
15808494.935997; 0.00; 0.00; 0.00
15827129.359001; 0.00; 0.00; 0.00
15841206.636002; 0.00; 0.00; 0.00
15856448.241001; 0.00; 0.00; 0.00
15873532.604000; 0.00; 0.00; 0.00
15888551.476002; 0.00; 0.00; 0.00
15904507.726997; 0.00; 0.00; 0.00
15920445.677998; 0.00; 0.00; 0.00
15936426.502003; 0.00; 0.00; 0.00
15952415.365997; 0.00; 0.00; 0.00
15968597.846001; 0.00; 0.00; 0.00
15986313.517998; 0.00; 0.00; 0.00
16000434.966999; 0.00; 0.00; 0.00
16018472.275997; 0.00; 0.00; 0.00
16032460.637997; 0.00; 0.00; 0.00
16048952.027000; 0.00; 0.00; 0.00
16065548.174999; 0.00; 0.00; 0.00
16080428.133999; 0.00; 0.00; 0.00
16097640.459000; 0.00; 0.00; 0.00
16112451.618000; 0.00; 0.00; 0.00
16128525.622002; 0.00; 0.00; 0.00
16146230.561001; 0.00; 0.00; 0.00
16160629.276001; 0.00; 0.00; 0.00
16178519.390999; 0.00; 0.00; 0.00
16192727.604000; 0.00; 0.00; 0.00
16208550.643002; 0.00; 0.00; 0.00
16224587.528000; 0.00; 0.00; 0.00
16241001.054001; 0.00; 0.00; 0.00
16256428.236000; 0.00; 0.00; 0.00
16274400.797001; 0.00; 0.00; 0.00
16298217.887001; 0.00; 0.00; 0.00
16304478.764999; 0.00; 0.00; 0.00
16321641.222000; 0.00; 0.00; 0.00
16336436.008999; 0.00; 0.00; 0.00
16354143.915001; 0.00; 0.00; 0.00
16369504.008999; 0.00; 0.00; 0.00
16384650.785000; 0.00; 0.00; 0.00
16402023.573997; 0.00; 0.00; 0.00
16417787.826000; 0.00; 0.00; 0.09
16432532.267002; 0.01; 0.00; 0.70
16449630.791000; 0.02; 0.00; 1.40
16464409.718998; 0.02; 0.00; 1.95
16481591.094997; 0.03; 0.00; 2.69
16496445.987999; 0.04; 0.00; 3.23
16513787.694000; 0.05; 0.00; 3.98
16528524.816002; 0.06; 0.00; 4.53
16546267.122997; 0.07; 0.00; 5.29
16561128.924000; 0.07; 0.00; 5.84
16577416.549000; 0.08; 0.00; 6.54
16592658.667000; 0.09; 0.01; 7.09
16610659.051998; 0.10; 0.01; 7.87
16624436.139999; 0.10; 0.01; 8.41
16642566.109001; 0.11; 0.01; 9.16
16657519.100002; 0.12; 0.01; 9.76
16672585.400002; 0.13; 0.01; 10.34
16688414.695000; 0.14; 0.01; 10.94
16705979.923000; 0.14; 0.01; 11.69
16720428.288002; 0.15; 0.02; 12.23
16738098.771000; 0.16; 0.02; 13.00
16754007.382999; 0.17; 0.02; 13.65
16769605.570000; 0.18; 0.02; 14.27
16784421.167999; 0.18; 0.02; 14.86
16801877.302002; 0.19; 0.03; 15.57
16816441.679001; 0.20; 0.03; 16.12
16832511.581001; 0.21; 0.03; 16.76
16849542.461998; 0.21; 0.03; 17.49
16864314.835999; 0.22; 0.03; 18.07
16881426.515999; 0.23; 0.04; 18.77
16896470.592003; 0.24; 0.04; 19.34
16912585.951000; 0.24; 0.04; 19.99
16930545.510002; 0.25; 0.05; 20.75
16944634.984001; 0.26; 0.05; 21.28
16962667.895000; 0.27; 0.05; 22.04
16977095.778999; 0.27; 0.05; 22.62
16992414.017002; 0.28; 0.06; 23.18
17008412.882999; 0.29; 0.06; 23.84
17025138.073002; 0.30; 0.06; 24.55
17045548.308002; 0.30; 0.06; 24.65
17056848.551003; 0.31; 0.07; 25.83
17072416.605000; 0.32; 0.07; 26.40
17088782.127003; 0.32; 0.08; 27.11
17106140.598000; 0.33; 0.08; 27.79
17120485.064999; 0.34; 0.08; 28.35
17137310.646000; 0.35; 0.09; 29.07
17152411.005001; 0.35; 0.09; 29.59
17169971.876999; 0.36; 0.10; 30.38
17185499.970001; 0.37; 0.10; 31.01
17200434.612999; 0.37; 0.10; 31.56
17218582.726002; 0.38; 0.11; 32.34
17232535.643002; 0.39; 0.11; 32.89
17249934.123001; 0.39; 0.12; 33.60
17264717.799000; 0.40; 0.12; 34.15
17281608.437000; 0.41; 0.13; 34.87
17298608.123001; 0.41; 0.13; 35.56
17312488.349998; 0.42; 0.14; 36.11
17329572.895000; 0.43; 0.14; 36.80
17346755.423000; 0.43; 0.15; 37.49
17361430.649998; 0.44; 0.15; 38.02
17378821.598999; 0.45; 0.16; 38.78
17393498.643002; 0.45; 0.16; 39.37
17408525.685001; 0.46; 0.17; 39.98
17424491.685001; 0.46; 0.17; 40.47
17442211.551998; 0.47; 0.18; 40.97
17456550.809998; 0.48; 0.18; 41.40
17473865.307999; 0.48; 0.19; 41.91
17488913.205997; 0.49; 0.19; 42.32
17506287.931999; 0.49; 0.20; 42.83
17521505.304001; 0.50; 0.20; 43.30
17536572.482002; 0.51; 0.21; 43.70
17553544.257999; 0.51; 0.21; 44.23
17568458.669003; 0.52; 0.22; 44.64
17584502.472000; 0.52; 0.23; 45.13
17600440.008999; 0.53; 0.23; 45.55
17616607.068001; 0.53; 0.24; 46.05
17633935.591000; 0.54; 0.24; 46.57
17648726.372997; 0.55; 0.25; 47.00
17665980.285000; 0.55; 0.25; 47.51
17681150.145000; 0.56; 0.26; 47.95
17697633.593998; 0.56; 0.27; 48.43
17712482.659000; 0.57; 0.27; 48.86
17730125.139000; 0.57; 0.28; 49.38
17745421.346001; 0.58; 0.28; 49.78
17760603.243000; 0.58; 0.29; 50.21
17776440.507000; 0.59; 0.30; 50.69
17793594.688000; 0.59; 0.30; 51.22
17809723.549000; 0.60; 0.31; 51.65
17825969.265999; 0.60; 0.32; 52.17
17841164.833000; 0.61; 0.32; 52.61
17856402.044998; 0.61; 0.33; 53.01
17873506.126999; 0.62; 0.33; 53.55
17890998.815002; 0.62; 0.34; 54.04
17905009.140999; 0.63; 0.35; 54.47
17923259.879002; 0.63; 0.35; 54.98
17936406.673000; 0.64; 0.36; 55.38
17953538.234001; 0.64; 0.37; 55.88
17968448.637001; 0.64; 0.37; 56.28
17984791.319000; 0.65; 0.38; 56.79
18000408.417999; 0.65; 0.39; 57.19
18018269.693001; 0.66; 0.39; 57.77
18034023.150997; 0.66; 0.40; 58.23
18048978.223000; 0.67; 0.41; 58.64
18065927.566002; 0.67; 0.41; 59.16
18080442.513000; 0.67; 0.42; 59.56
18096450.400002; 0.68; 0.43; 60.02
18113512.075001; 0.68; 0.44; 60.55
18128681.882000; 0.69; 0.44; 60.95
18144711.352001; 0.69; 0.45; 61.45
18162691.039001; 0.69; 0.46; 61.98
18177534.556000; 0.70; 0.46; 62.41
18192432.029999; 0.70; 0.47; 62.82
18210687.361000; 0.71; 0.48; 63.37
18224408.020000; 0.71; 0.48; 63.75
18242222.259998; 0.71; 0.49; 64.29
18258097.066998; 0.72; 0.50; 64.76
18272440.329002; 0.72; 0.51; 65.15
18290796.459003; 0.72; 0.51; 65.63
18304453.281998; 0.73; 0.52; 66.08
18321788.934002; 0.73; 0.53; 66.61
18339362.194000; 0.73; 0.54; 67.10
18353386.445999; 0.73; 0.54; 67.53
18368722.894001; 0.74; 0.55; 67.93
18386027.198997; 0.74; 0.56; 68.48
18400453.077000; 0.74; 0.56; 68.88
18418738.852001; 0.75; 0.57; 69.22
18432429.157997; 0.75; 0.58; 69.12
18450121.418999; 0.75; 0.59; 68.98
18466526.644001; 0.76; 0.60; 68.85
18481103.741001; 0.76; 0.60; 68.74
18496444.263000; 0.76; 0.61; 68.63
18514021.636997; 0.76; 0.62; 68.49
18528480.529999; 0.77; 0.62; 68.38
18545592.055000; 0.77; 0.63; 68.24
18560750.883999; 0.77; 0.64; 68.13
18578951.085003; 0.78; 0.65; 67.99
18592712.588001; 0.78; 0.65; 67.88
18608451.034000; 0.78; 0.66; 67.76
18626738.022999; 0.79; 0.67; 67.62
18640394.964001; 0.79; 0.68; 67.51
18657524.458000; 0.79; 0.68; 67.38
18673664.238998; 0.79; 0.69; 67.25
18689300.957001; 0.80; 0.70; 67.13
18704455.966999; 0.80; 0.71; 67.03
18721826.599998; 0.80; 0.71; 66.88
18736433.085999; 0.81; 0.72; 66.77
18752425.654999; 0.81; 0.73; 66.66
18768475.375999; 0.81; 0.74; 66.52
18784416.637997; 0.82; 0.74; 66.41
18801458.269001; 0.82; 0.75; 66.27
18816433.767998; 0.82; 0.76; 66.15
18832540.060001; 0.83; 0.76; 66.03
18848587.623001; 0.83; 0.77; 65.91
18864441.286999; 0.83; 0.78; 65.78
18882216.141998; 0.84; 0.79; 65.64
18898423.789001; 0.84; 0.79; 65.52
18912550.499001; 0.84; 0.80; 65.41
18929720.578999; 0.85; 0.81; 65.27
18944425.617001; 0.85; 0.82; 65.16
18961984.081001; 0.85; 0.82; 65.03
18977151.849998; 0.86; 0.83; 64.91
18994768.896999; 0.86; 0.84; 64.77
19008720.111000; 0.86; 0.85; 64.66
19024504.547001; 0.87; 0.85; 64.55
19041803.909000; 0.87; 0.86; 64.41
19056449.175003; 0.87; 0.87; 64.30
19073606.136002; 0.88; 0.87; 64.16
19088555.750000; 0.88; 0.88; 64.05
19105938.826000; 0.88; 0.89; 63.91
19120484.820999; 0.89; 0.89; 63.81
19138030.735996; 0.89; 0.90; 63.66
19154431.542000; 0.89; 0.91; 63.54
19168976.533001; 0.90; 0.92; 63.43
19185956.985001; 0.90; 0.92; 63.29
19200472.585999; 0.90; 0.93; 63.19
19218358.193001; 0.91; 0.94; 63.04
19233144.467999; 0.91; 0.95; 62.93
19250057.805000; 0.92; 0.95; 62.80
19264451.406998; 0.92; 0.96; 62.69
19281993.657997; 0.92; 0.97; 62.56
19297616.059002; 0.93; 0.97; 62.43
19312593.789001; 0.93; 0.98; 62.32
19330059.395000; 0.93; 0.99; 62.18
19344642.469002; 0.94; 1.00; 62.07
19360648.598000; 0.94; 1.00; 61.95
19376728.080997; 0.95; 1.01; 61.82
19392434.769001; 0.95; 1.02; 61.71
19411081.990997; 0.95; 1.02; 61.56
19424734.785999; 0.95; 1.03; 61.31
19440454.278999; 0.95; 1.03; 61.01
19458910.674000; 0.95; 1.03; 60.61
19473930.477997; 0.96; 1.03; 60.27
19490124.285999; 0.96; 1.03; 59.93
19504430.353001; 0.96; 1.03; 59.63
19522164.165001; 0.96; 1.03; 59.25
19536452.641003; 0.96; 1.03; 58.96
19554212.289001; 0.96; 1.03; 58.57
19568431.177998; 0.96; 1.03; 58.29
19584507.044003; 0.96; 1.03; 57.94
19602080.770000; 0.96; 1.03; 57.55
19616442.737999; 0.96; 1.03; 57.26
19633631.566002; 0.96; 1.03; 56.89
19648421.308002; 0.96; 1.03; 56.58
19664619.512997; 0.96; 1.03; 56.23
19681066.445999; 0.96; 1.03; 55.88
19698201.033001; 0.96; 1.03; 55.52
19712531.388000; 0.96; 1.03; 55.22
19729354.005997; 0.96; 1.03; 54.85
19744686.975998; 0.96; 1.03; 54.56
19762711.355000; 0.96; 1.03; 54.15
19776931.172001; 0.96; 1.03; 53.85
19792936.160999; 0.96; 1.03; 53.51
19808418.931999; 0.96; 1.04; 53.21
19826076.824001; 0.96; 1.04; 52.80
19841253.223999; 0.96; 1.04; 52.48
19856547.431999; 0.96; 1.04; 52.18
19873985.745998; 0.96; 1.04; 51.79
19889470.911999; 0.96; 1.04; 51.46
19904441.719997; 0.96; 1.04; 51.16
19920440.926998; 0.96; 1.04; 50.81
19937198.014999; 0.96; 1.04; 50.45
19952450.709000; 0.96; 1.04; 50.15
19968431.008999; 0.96; 1.04; 49.79
19985682.374001; 0.96; 1.04; 49.42
20002050.034000; 0.96; 1.04; 49.07
20016532.257000; 0.96; 1.04; 48.77
20034321.771000; 0.96; 1.04; 48.40
20048613.965000; 0.96; 1.04; 48.08
20065523.490002; 0.96; 1.04; 47.73
20080501.213001; 0.96; 1.04; 47.43
20096512.754002; 0.97; 1.04; 47.07
20112449.222000; 0.97; 1.04; 46.75
20129673.723000; 0.97; 1.04; 46.37
20144626.014000; 0.97; 1.04; 46.08
20162621.342999; 0.97; 1.04; 45.67
20176732.549000; 0.97; 1.04; 45.37
20192674.396999; 0.97; 1.04; 45.07
20210997.524998; 0.97; 1.04; 44.66
20225843.916000; 0.97; 1.04; 44.33
20240449.394001; 0.97; 1.04; 44.02
20257733.633999; 0.97; 1.04; 43.65
20274240.602001; 0.97; 1.04; 43.30
20291122.073997; 0.97; 1.05; 42.94
20305298.119999; 0.97; 1.05; 42.64
20320490.520000; 0.97; 1.05; 42.33
20339596.223000; 0.97; 1.05; 41.94
20353670.476002; 0.97; 1.05; 41.62
20368457.251999; 0.97; 1.05; 41.32
20384438.115002; 0.97; 1.05; 40.97
20400559.421001; 0.97; 1.05; 40.62
20417549.431000; 0.97; 1.05; 40.41
20432414.554001; 0.97; 1.05; 40.40
20448501.229000; 0.97; 1.05; 40.39
20466209.068001; 0.97; 1.05; 40.38
20480814.695000; 0.97; 1.05; 40.37
20498424.066998; 0.97; 1.05; 40.36
20514098.257999; 0.97; 1.05; 40.35
20528927.262001; 0.97; 1.05; 40.34
20545556.089001; 0.97; 1.05; 40.33
20560643.354000; 0.97; 1.05; 40.33
20578631.445999; 0.97; 1.05; 40.31
20593474.813999; 0.97; 1.05; 40.31
20608434.813000; 0.97; 1.05; 40.30
20624444.042000; 0.97; 1.05; 40.29
20643225.236000; 0.97; 1.05; 40.28
20656424.356998; 0.97; 1.05; 40.27
20672436.747997; 0.97; 1.05; 40.26
20689783.784000; 0.97; 1.05; 40.25
20707114.382000; 0.97; 1.05; 40.24
20720541.917999; 0.97; 1.05; 40.23
20736636.196999; 0.97; 1.05; 40.22
20752453.983002; 0.97; 1.05; 40.21
20769286.264999; 0.97; 1.05; 40.20
20784446.423000; 0.97; 1.05; 40.19
20800423.729000; 0.97; 1.05; 40.18
20817563.987999; 0.97; 1.05; 40.17
20833617.549999; 0.97; 1.05; 40.16
20848496.368999; 0.97; 1.04; 40.15
20865849.369999; 0.97; 1.04; 40.14
20880498.948997; 0.97; 1.04; 40.14
20896512.860001; 0.97; 1.04; 40.13
20912503.654999; 0.97; 1.04; 40.12
20928485.616997; 0.97; 1.04; 40.11
20944485.838001; 0.97; 1.04; 40.10
20962101.284000; 0.97; 1.04; 40.09
20976665.260002; 0.97; 1.04; 40.08
20994062.185001; 0.97; 1.04; 40.07
21008599.268002; 0.97; 1.04; 40.06
21024433.466000; 0.97; 1.04; 40.05
21041346.234001; 0.97; 1.04; 40.04
21056995.996002; 0.97; 1.04; 40.03
21074095.609997; 0.97; 1.04; 40.02
21090471.245998; 0.97; 1.04; 40.01
21104425.573997; 0.97; 1.04; 40.00
21120640.156998; 0.97; 1.04; 39.99
21136417.626999; 0.97; 1.04; 39.98
21152456.798000; 0.97; 1.04; 39.97
21169721.792000; 0.97; 1.04; 39.96
21186362.454998; 0.97; 1.04; 39.95
21200736.333000; 0.97; 1.04; 39.94
21219292.124001; 0.97; 1.04; 39.93
21233756.778999; 0.97; 1.04; 39.92
21250855.618000; 0.97; 1.04; 39.92
21264465.307999; 0.97; 1.04; 39.91
21280423.748997; 0.97; 1.04; 39.90
21297532.387997; 0.97; 1.04; 39.89
21314032.955002; 0.97; 1.04; 39.88
21328542.266998; 0.97; 1.04; 39.87
21344911.609997; 0.97; 1.04; 39.86
21362833.340000; 0.97; 1.04; 39.85
21376579.879997; 0.97; 1.04; 39.84
21394615.448002; 0.97; 1.04; 39.83
21408840.845001; 0.96; 1.04; 39.82
21424429.031998; 0.96; 1.04; 39.81
21440414.150997; 0.96; 1.04; 39.81
21457515.583000; 0.96; 1.04; 39.80
21474437.174999; 0.96; 1.04; 39.79
21489253.151001; 0.96; 1.04; 39.79
21504445.015999; 0.96; 1.04; 39.78
21522961.005997; 0.96; 1.04; 39.78
21537747.242001; 0.96; 1.04; 39.77
21552528.625000; 0.96; 1.04; 39.76
21569801.286999; 0.96; 1.04; 39.76
21584447.126999; 0.96; 1.04; 39.75
21601545.855000; 0.96; 1.04; 39.74
21616423.886002; 0.96; 1.04; 39.74
21634302.590000; 0.96; 1.04; 39.73
21648510.215000; 0.96; 1.04; 39.73
21664714.580997; 0.96; 1.04; 39.72
21680417.563999; 0.96; 1.04; 39.71
21696436.590000; 0.96; 1.04; 39.71
21713519.841000; 0.96; 1.04; 39.70
21728677.591999; 0.96; 1.04; 39.69
21745803.102001; 0.96; 1.04; 39.69
21760623.234001; 0.96; 1.04; 39.68
21777688.062000; 0.96; 1.04; 39.67
21792490.361000; 0.96; 1.04; 39.67
21809665.596001; 0.96; 1.04; 39.66
21824439.445000; 0.96; 1.04; 39.66
21840401.187000; 0.96; 1.04; 39.65
21856451.146999; 0.96; 1.04; 39.64
21873380.400002; 0.96; 1.04; 39.64
21889656.130001; 0.96; 1.04; 39.63
21904778.815998; 0.96; 1.04; 39.62
21922355.538002; 0.96; 1.04; 39.62
21936468.232998; 0.96; 1.04; 39.61
21953527.524998; 0.96; 1.04; 39.60
21968476.750999; 0.96; 1.04; 39.60
21984491.038998; 0.96; 1.04; 39.59
22002501.317997; 0.96; 1.04; 39.58
22018474.186001; 0.96; 1.04; 39.58
22033097.792000; 0.96; 1.04; 39.57
22050654.004002; 0.96; 1.04; 39.57
22064826.478001; 0.96; 1.04; 39.56
22080419.726002; 0.96; 1.04; 39.55
22097110.702999; 0.96; 1.04; 39.55
22112449.494999; 0.96; 1.04; 39.54
22129114.487999; 0.96; 1.04; 39.53
22145643.987000; 0.96; 1.04; 39.53
22160790.843998; 0.96; 1.04; 39.52
22176603.729000; 0.96; 1.04; 39.52
22193147.121002; 0.96; 1.04; 39.51
22208555.563000; 0.96; 1.04; 39.50
22224637.063000; 0.96; 1.04; 39.50
22240463.470001; 0.96; 1.04; 39.49
22257991.763000; 0.96; 1.04; 39.48
22273467.924999; 0.96; 1.04; 39.48
22290028.379002; 0.96; 1.04; 39.47
22304468.505001; 0.96; 1.04; 39.47
22322706.768997; 0.96; 1.04; 39.46
22337521.940002; 0.96; 1.04; 39.45
22352440.425999; 0.96; 1.04; 39.45
22369699.212997; 0.96; 1.04; 39.44
22387311.662998; 0.96; 1.04; 39.43
22401492.750000; 0.96; 1.04; 39.43
22416372.316998; 0.96; 1.04; 39.42
22433553.414001; 0.96; 1.04; 39.41
22448671.185001; 0.96; 1.04; 39.41
22464530.110001; 0.96; 1.04; 39.40
22481959.259998; 0.96; 1.04; 39.39
22497218.401001; 0.96; 1.04; 39.39
22512427.152000; 0.96; 1.04; 39.38
22530892.263000; 0.96; 1.04; 39.38
22544683.207996; 0.96; 1.04; 39.37
22562826.072002; 0.96; 1.04; 39.36
22576814.615002; 0.96; 1.04; 39.36
22592487.727001; 0.96; 1.04; 39.35
22609928.095001; 0.96; 1.04; 39.34
22625807.154999; 0.96; 1.04; 39.34
22640853.622002; 0.96; 1.04; 39.33
22657404.132999; 0.96; 1.04; 39.33
22674194.910000; 0.96; 1.04; 39.32
22688473.941998; 0.96; 1.04; 39.31
22706318.546001; 0.96; 1.04; 39.31
22720454.065998; 0.96; 1.04; 39.30
22737473.140999; 0.96; 1.04; 39.29
22752588.125000; 0.96; 1.04; 39.29
22768432.863998; 0.96; 1.04; 39.28
22786110.261002; 0.96; 1.04; 39.27
22801885.967999; 0.96; 1.04; 39.27
22816462.497002; 0.96; 1.04; 39.26
22832458.002998; 0.96; 1.04; 39.26
22849512.687000; 0.96; 1.04; 39.25
22864875.493999; 0.96; 1.04; 39.24
22881529.945999; 0.96; 1.04; 39.24
22897868.571999; 0.96; 1.04; 39.23
22912563.515003; 0.96; 1.04; 39.22
22929646.116997; 0.96; 1.04; 39.22
22944696.467999; 0.96; 1.04; 39.21
22961802.714001; 0.96; 1.04; 39.20
22978995.820000; 0.96; 1.04; 39.20
22992799.521999; 0.96; 1.04; 39.19
23010560.140999; 0.96; 1.04; 39.19
23025155.952999; 0.96; 1.04; 39.18
23041497.874001; 0.96; 1.04; 39.17
23056439.985001; 0.96; 1.04; 39.17
23073570.385002; 0.96; 1.04; 39.16
23088433.770000; 0.96; 1.04; 39.15
23104711.176998; 0.96; 1.04; 39.15
23121789.827000; 0.96; 1.04; 39.14
23136474.982998; 0.96; 1.04; 39.14
23153493.660999; 0.96; 1.04; 39.13
23168436.654999; 0.96; 1.04; 39.12
23184472.022999; 0.96; 1.04; 39.12
23202151.854000; 0.96; 1.04; 39.11
23216577.139999; 0.96; 1.04; 39.10
23234211.114998; 0.96; 1.04; 39.10
23248770.313999; 0.96; 1.04; 39.09
23265932.497002; 0.96; 1.04; 39.08
23280485.004002; 0.96; 1.04; 39.08
23297656.354000; 0.96; 1.04; 39.07
23312476.623001; 0.96; 1.04; 39.07
23329755.191002; 0.96; 1.04; 39.06
23344634.309002; 0.96; 1.04; 39.05
23362592.336998; 0.96; 1.04; 39.05
23376603.227001; 0.96; 1.04; 39.04
23392638.529999; 0.96; 1.04; 39.03
23410147.982998; 0.96; 1.04; 39.03
23424407.742001; 0.96; 1.04; 39.02
23440448.418003; 0.96; 1.04; 39.02
23457631.524998; 0.96; 1.04; 39.01
23472697.085999; 0.96; 1.04; 39.00
23490260.966999; 0.96; 1.04; 39.00
23504503.807999; 0.96; 1.04; 38.99
23520447.242001; 0.96; 1.04; 38.98
23536518.488998; 0.96; 1.04; 38.98
23554110.509998; 0.96; 1.04; 38.97
23570422.688000; 0.96; 1.04; 38.96
23584648.903999; 0.96; 1.04; 38.96
23601913.858002; 0.96; 1.04; 38.95
23616451.702000; 0.96; 1.04; 38.95
23633734.939999; 0.96; 1.04; 38.94
23648488.771000; 0.96; 1.04; 38.93
23664468.574001; 0.96; 1.04; 38.93
23681582.632999; 0.96; 1.04; 38.92
23696526.616001; 0.96; 1.04; 38.91
23712429.209000; 0.96; 1.04; 38.91
23730158.317997; 0.96; 1.04; 38.90
23744818.684002; 0.96; 1.04; 38.89
23761662.043999; 0.96; 1.04; 38.89
23777056.169003; 0.96; 1.04; 38.88
23793963.969997; 0.96; 1.04; 38.87
23808453.857002; 0.96; 1.04; 38.87
23826835.560001; 0.96; 1.04; 38.86
23840533.049000; 0.96; 1.04; 38.86
23858291.506001; 0.96; 1.04; 38.85
23873115.430000; 0.96; 1.04; 38.84
23890354.549999; 0.96; 1.04; 38.84
23904432.940998; 0.96; 1.04; 38.83
23920447.381001; 0.96; 1.04; 38.82
23936468.846001; 0.96; 1.04; 38.82
23954530.839001; 0.96; 1.04; 38.81
23968885.842999; 0.96; 1.04; 38.81
23986593.440002; 0.96; 1.04; 38.80
24000450.121998; 0.96; 1.04; 38.79
24018473.150002; 0.96; 1.04; 38.79
24032451.789001; 0.96; 1.04; 38.78
24049314.311001; 0.96; 1.04; 38.77
24066521.810001; 0.96; 1.04; 38.77
24080439.764999; 0.96; 1.04; 38.76
24098031.681999; 0.96; 1.04; 38.75
24113006.225998; 0.96; 1.04; 38.75
24130242.291000; 0.96; 1.04; 38.74
24144674.225002; 0.96; 1.04; 38.74
24160860.718998; 0.96; 1.04; 38.73
24176597.378998; 0.96; 1.04; 38.72
24193125.327999; 0.96; 1.04; 38.72
24209092.721001; 0.96; 1.04; 38.71
24224786.456001; 0.96; 1.04; 38.70
24241341.648998; 0.96; 1.04; 38.70
24256422.516998; 0.96; 1.04; 38.69
24273578.003998; 0.96; 1.04; 38.68
24288738.065998; 0.96; 1.04; 38.68
24304461.833000; 0.96; 1.04; 38.67
24320496.144001; 0.96; 1.04; 38.67
24336469.929001; 0.96; 1.04; 38.66
24352568.225002; 0.96; 1.04; 38.65
24368418.389000; 0.96; 1.04; 38.65
24386299.081997; 0.96; 1.04; 38.64
24400515.033001; 0.96; 1.04; 38.63
24418421.441998; 0.96; 1.04; 38.63
24433285.248001; 0.96; 1.04; 38.64
24449808.098999; 0.96; 1.04; 38.64
24464468.375999; 0.96; 1.04; 38.65
24480780.075001; 0.96; 1.04; 38.66
24499017.943001; 0.96; 1.04; 38.66
24513713.528000; 0.96; 1.04; 38.67
24531426.131001; 0.96; 1.04; 38.68
24544645.680000; 0.96; 1.04; 38.68
24561832.102997; 0.96; 1.04; 38.69
24576666.598000; 0.96; 1.04; 38.69
24595087.185001; 0.96; 1.04; 38.70
24610591.213001; 0.96; 1.04; 38.71
24624547.537998; 0.96; 1.04; 38.71
24642630.835999; 0.96; 1.04; 38.72
24656468.197998; 0.96; 1.04; 38.73
24673853.213001; 0.96; 1.04; 38.73
24688429.346001; 0.96; 1.04; 38.74
24704429.115997; 0.96; 1.04; 38.75
24720436.210999; 0.96; 1.04; 38.75
24737539.354000; 0.96; 1.04; 38.76
24752432.032001; 0.96; 1.04; 38.76
24768419.674000; 0.96; 1.04; 38.77
24785668.359001; 0.96; 1.04; 38.78
24800411.051003; 0.96; 1.04; 38.78
24817355.406002; 0.96; 1.04; 38.79
24834021.708000; 0.96; 1.04; 38.80
24848950.446003; 0.96; 1.04; 38.80
24866069.804001; 0.96; 1.04; 38.81
24880432.956001; 0.96; 1.04; 38.81
24898531.857998; 0.96; 1.04; 38.82
24912773.286999; 0.96; 1.04; 38.83
24929570.703999; 0.96; 1.04; 38.83
24944777.791000; 0.96; 1.04; 38.84
24961518.954998; 0.96; 1.04; 38.85
24976558.231998; 0.96; 1.04; 38.85
24994039.429001; 0.96; 1.04; 38.86
25008456.692997; 0.96; 1.04; 38.87
25024521.127003; 0.96; 1.04; 38.87
25040415.421997; 0.96; 1.04; 38.88
25056433.126999; 0.96; 1.04; 38.88
25073462.917999; 0.96; 1.04; 38.89
25090478.265999; 0.96; 1.04; 38.90
25105665.430000; 0.96; 1.04; 38.90
25121651.771999; 0.96; 1.04; 38.91
25136451.430000; 0.96; 1.04; 38.92
25152440.813000; 0.96; 1.04; 38.92
25169621.046001; 0.96; 1.04; 38.93
25184523.263000; 0.96; 1.04; 38.94
25202247.855000; 0.96; 1.04; 38.94
25217189.429001; 0.96; 1.04; 38.95
25233613.822998; 0.96; 1.04; 38.96
25248674.699001; 0.96; 1.04; 38.96
25264611.402000; 0.96; 1.04; 38.97
25280568.904999; 0.96; 1.04; 38.97
25299814.187000; 0.96; 1.04; 38.98
25313519.681999; 0.96; 1.04; 38.99
25328480.998001; 0.96; 1.04; 38.99
25345542.129997; 0.96; 1.04; 39.00
25360469.194000; 0.96; 1.04; 39.00
25377187.648998; 0.96; 1.04; 39.01
25394609.681000; 0.96; 1.04; 39.02
25408489.910000; 0.96; 1.04; 39.02
25424560.609001; 0.96; 1.04; 39.02
25440447.826000; 0.96; 1.04; 39.02
25457715.667000; 0.96; 1.04; 39.01
25472437.799000; 0.96; 1.04; 39.00
25489480.313000; 0.96; 1.04; 39.00
25504535.995998; 0.96; 1.04; 38.99
25520405.195999; 0.96; 1.04; 38.98
25537832.686001; 0.96; 1.04; 38.98
25554579.241997; 0.96; 1.04; 38.97
25568415.006001; 0.96; 1.04; 38.96
25585616.178001; 0.96; 1.04; 38.96
25600446.582001; 0.96; 1.04; 38.95
25618027.998001; 0.96; 1.04; 38.94
25632422.488003; 0.96; 1.04; 38.94
25649991.481998; 0.96; 1.04; 38.93
25664763.653999; 0.96; 1.04; 38.93
25680484.574001; 0.96; 1.04; 38.92
25698163.599998; 0.96; 1.04; 38.91
25712419.624001; 0.96; 1.04; 38.91
25730331.611000; 0.96; 1.04; 38.90
25748714.753002; 0.96; 1.04; 38.89
25762357.141003; 0.96; 1.04; 38.89
25776699.490997; 0.96; 1.04; 38.88
25792520.507000; 0.96; 1.04; 38.88
25808435.435001; 0.96; 1.04; 38.87
25824417.876999; 0.96; 1.04; 38.86
25840415.879002; 0.96; 1.04; 38.86
25857500.472000; 0.96; 1.04; 38.85
25872433.298000; 0.96; 1.04; 38.84
25888442.354000; 0.96; 1.04; 38.84
25904407.310001; 0.96; 1.04; 38.83
25921901.312000; 0.96; 1.04; 38.82
25936479.444000; 0.96; 1.04; 38.82
25952438.582001; 0.96; 1.04; 38.81
25969317.924000; 0.96; 1.04; 38.81
25986008.506001; 0.96; 1.04; 38.80
26000662.598999; 0.96; 1.04; 38.79
26016419.413002; 0.96; 1.04; 38.79
26033513.313000; 0.96; 1.04; 38.78
26048651.822998; 0.96; 1.04; 38.77
26064429.280998; 0.96; 1.04; 38.77
26082544.905998; 0.96; 1.04; 38.76
26096471.058002; 0.96; 1.04; 38.75
26113650.140999; 0.96; 1.04; 38.75
26128541.771999; 0.96; 1.04; 38.74
26144913.829002; 0.96; 1.04; 38.74
26160549.536999; 0.96; 1.04; 38.73
26176477.663002; 0.96; 1.04; 38.72
26192418.672001; 0.96; 1.04; 38.72
26209954.736000; 0.96; 1.04; 38.71
26224433.074001; 0.96; 1.04; 38.70
26241822.940998; 0.96; 1.04; 38.70
26256471.116001; 0.96; 1.04; 38.69
26272408.434002; 0.96; 1.04; 38.69
26289292.227001; 0.96; 1.04; 38.68
26304457.662003; 0.96; 1.04; 38.67
26321609.007999; 0.96; 1.04; 38.67
26336409.167000; 0.96; 1.04; 38.66
26355682.757000; 0.96; 1.04; 38.65
26368575.148003; 0.96; 1.04; 38.65
26386757.702000; 0.96; 1.04; 38.64
26400426.381001; 0.96; 1.04; 38.63
26417973.771000; 0.96; 1.04; 38.63
26432417.813999; 0.96; 1.04; 38.63
26448447.249001; 0.96; 1.04; 38.63
26466137.138000; 0.96; 1.04; 38.63
26481252.658001; 0.96; 1.04; 38.63
26498321.322002; 0.96; 1.04; 38.63
26512758.875000; 0.96; 1.04; 38.63
26529834.313000; 0.96; 1.04; 38.63
26544598.499001; 0.96; 1.04; 38.63
26562564.060001; 0.96; 1.04; 38.63
26576797.605000; 0.96; 1.04; 38.63
26594171.268002; 0.96; 1.04; 38.63
26608433.375999; 0.96; 1.04; 38.63
26624427.267998; 0.96; 1.04; 38.63
26641768.031002; 0.96; 1.04; 38.63
26657178.499001; 0.96; 1.04; 38.63
26672581.519001; 0.96; 1.04; 38.63
