t; x; y; theta
19042446.955001; -0.00; 0.00; 0.00
19056795.616000; -0.00; 0.00; 0.00
19075220.741000; -0.00; 0.00; 0.00
19088934.775001; -0.00; 0.00; 0.00
19106398.778001; -0.00; 0.00; 0.00
19120326.148001; -0.00; 0.00; 0.00
19136434.084000; -0.00; 0.00; 0.00
19152438.355000; -0.00; 0.00; 0.00
19169732.585000; -0.00; 0.00; 0.00
19184479.555000; -0.00; 0.00; 0.00
19200426.626000; -0.00; 0.00; 0.00
19218659.047001; -0.00; 0.00; 0.00
19232452.555000; -0.00; 0.00; 0.00
19250036.532001; -0.00; 0.00; 0.00
19264445.047001; -0.00; 0.00; 0.00
19280423.585001; -0.00; 0.00; 0.00
19298446.656000; -0.00; 0.00; 0.00
19312752.470000; -0.00; 0.00; 0.00
19329986.005000; -0.00; 0.00; 0.00
19344450.030000; -0.00; 0.00; 0.00
19362152.803000; -0.00; 0.00; 0.00
19376432.762000; -0.00; 0.00; 0.00
19394332.473001; -0.00; 0.00; 0.00
19408411.097001; -0.00; 0.00; 0.00
19425684.216001; -0.00; 0.00; 0.00
19441418.056001; -0.00; 0.00; 0.00
19456431.517000; -0.00; 0.00; 0.00
19472609.590000; -0.00; 0.00; 0.00
19489530.391001; -0.00; 0.00; 0.00
19504442.999001; -0.00; 0.00; 0.00
19521435.583000; -0.00; 0.00; 0.00
19536429.693000; -0.00; 0.00; 0.00
19553736.253000; -0.00; 0.00; 0.00
19568622.820001; -0.00; 0.00; 0.00
19585939.099002; -0.00; 0.00; 0.00
19601028.792001; -0.00; 0.00; 0.00
19616688.649000; -0.00; 0.00; 0.00
19633948.947001; -0.00; 0.00; 0.00
19651222.389001; -0.00; 0.00; 0.00
19668170.443000; -0.00; 0.00; 0.00
19680437.629000; -0.00; 0.00; 0.00
19697924.834001; -0.00; 0.00; 0.00
19714276.187000; -0.00; 0.00; 0.00
19730921.079000; -0.00; 0.00; 0.00
19744464.895000; -0.00; 0.00; 0.00
19763071.127001; -0.00; 0.00; 0.00
19776630.531000; -0.00; 0.00; 0.00
19793787.494000; -0.00; 0.00; 0.00
19809874.765000; -0.00; 0.00; 0.00
19824572.763000; -0.00; 0.00; 0.00
19842247.467001; -0.00; 0.00; 0.00
19856426.822001; -0.00; 0.00; 0.00
19873559.895000; -0.00; 0.00; 0.00
19888442.511000; -0.00; 0.00; 0.00
19906230.540000; -0.00; 0.00; 0.00
19920463.675000; -0.00; 0.00; 0.00
19937536.517001; -0.00; 0.00; 0.00
19952458.109000; -0.00; 0.00; 0.00
19968615.456000; -0.00; 0.00; 0.00
19986003.373000; -0.00; 0.00; 0.00
20000573.523001; -0.00; 0.00; 0.00
20018440.722000; -0.00; 0.00; 0.00
20032452.308001; -0.00; 0.00; 0.00
20050194.529000; -0.00; 0.00; 0.00
20065631.991000; -0.00; 0.00; 0.00
20081714.777000; -0.00; 0.00; 0.00
20096766.760001; -0.00; 0.00; 0.00
20112443.799000; -0.00; 0.00; 0.00
20128452.745001; -0.00; 0.00; 0.00
20146388.699000; -0.00; 0.00; 0.00
20160451.200001; -0.00; 0.00; 0.00
20177014.885000; -0.00; 0.00; 0.00
20192984.042001; -0.00; 0.00; 0.00
20209507.463000; -0.00; 0.00; 0.00
20224436.365001; -0.00; 0.00; 0.00
20242460.370000; -0.00; 0.00; 0.00
20256368.077001; -0.00; 0.00; 0.00
20272529.449000; -0.00; 0.00; 0.00
20289566.931000; -0.00; 0.00; 0.00
20306108.691000; -0.00; 0.00; 0.00
20321977.399000; -0.00; 0.00; 0.00
20336443.622001; -0.00; 0.00; 0.00
20354027.490001; -0.00; 0.00; 0.00
20368901.807001; -0.00; 0.00; 0.00
20386351.504001; -0.00; 0.00; 0.00
20400423.119000; -0.00; 0.00; 0.00
20417551.440001; -0.00; 0.00; 0.00
20434090.070001; -0.00; 0.00; 0.00
20448554.887001; -0.00; 0.00; 0.00
20466680.055000; -0.00; 0.00; 0.00
20481618.632000; -0.00; 0.00; 0.00
20497424.149001; -0.00; 0.00; 0.00
20514483.974002; -0.00; 0.00; 0.00
20528511.655001; -0.00; 0.00; 0.00
20544420.098001; -0.00; 0.00; 0.00
20561631.748001; -0.00; 0.00; 0.00
20576737.703001; -0.00; 0.00; 0.00
20594498.283002; -0.00; 0.00; 0.00
20610109.807000; -0.00; 0.00; 0.00
20625229.304001; -0.00; 0.00; 0.00
20640438.414001; -0.00; 0.00; 0.00
20657097.024000; -0.00; 0.00; 0.00
20672637.881001; -0.00; 0.00; 0.00
20688427.902000; -0.00; 0.00; 0.00
20706103.982000; -0.00; 0.00; 0.00
20722436.374001; -0.00; 0.00; 0.00
20738128.471000; -0.00; 0.00; 0.00
20752984.475000; -0.00; 0.00; 0.00
20770463.048000; -0.00; 0.00; 0.00
20786483.647000; -0.00; 0.00; 0.00
20801202.954000; -0.00; 0.00; 0.00
20817149.768001; -0.00; 0.00; 0.00
20832759.139001; -0.00; 0.00; 0.00
20849522.439001; -0.00; 0.00; 0.00
20864482.485001; -0.00; 0.00; 0.00
20882330.634000; -0.00; 0.00; 0.00
20896691.084001; -0.00; 0.00; 0.00
20914089.572001; -0.00; 0.00; 0.00
20930054.358000; -0.00; 0.00; 0.00
20944415.028001; -0.00; 0.00; 0.00
20960459.507000; -0.00; 0.00; 0.00
20978093.537001; -0.00; 0.00; 0.00
20992404.201001; -0.00; 0.00; 0.00
21009347.634001; -0.00; 0.00; 0.00
21026560.371000; -0.00; 0.00; 0.00
21041548.961000; -0.00; 0.00; 0.00
21058264.596001; -0.00; 0.00; 0.00
21073150.752001; -0.00; 0.00; 0.00
21088428.547001; -0.00; 0.00; 0.00
21104421.961000; -0.00; 0.00; 0.00
21120736.942000; -0.00; 0.00; 0.00
21136423.604001; -0.00; 0.00; 0.00
21154547.841001; -0.00; 0.00; 0.00
21168713.194000; -0.00; 0.00; 0.00
21187764.843000; -0.00; 0.00; 0.00
21200970.916000; -0.00; 0.00; 0.00
21216443.138000; -0.00; 0.00; 0.00
21235020.277000; -0.00; 0.00; 0.00
21250644.203001; -0.00; 0.00; 0.00
21265104.998000; -0.00; 0.00; 0.00
21280568.897000; -0.00; 0.00; 0.00
21296722.844000; -0.00; 0.00; 0.00
21314434.138000; -0.00; 0.00; 0.00
21328456.879001; -0.00; 0.00; 0.00
21344473.187000; -0.00; 0.00; 0.00
21360432.049001; -0.00; 0.00; 0.00
21376336.495000; -0.00; 0.00; 0.00
21393514.185000; -0.00; 0.00; 0.00
21412461.221001; -0.00; 0.00; 0.00
21425527.659000; -0.00; 0.00; 0.00
21440772.491001; -0.00; 0.00; 0.00
21456434.342001; -0.00; 0.00; 0.00
21473916.332000; -0.00; 0.00; 0.00
21489980.155000; -0.00; 0.00; 0.00
21505357.594000; -0.00; 0.00; 0.00
21520443.069000; -0.00; 0.00; 0.00
21536579.813001; -0.00; 0.00; 0.00
21552426.072001; -0.00; 0.00; 0.00
21568435.690001; -0.00; 0.00; 0.00
21584946.799000; -0.00; 0.00; 0.00
21602559.736000; -0.00; 0.00; 0.00
21616442.465000; -0.00; 0.00; 0.00
21635400.251000; -0.00; 0.00; 0.00
21649047.817000; -0.00; 0.00; 0.00
21664674.257000; -0.00; 0.00; 0.00
21680839.570000; -0.00; 0.00; 0.00
21697667.197001; -0.00; 0.00; 0.00
21712698.847001; -0.00; 0.00; 0.00
21730515.204000; -0.00; 0.00; 0.00
21744436.811000; -0.00; 0.00; 0.00
21762720.103000; -0.00; 0.00; 0.00
21776998.294001; -0.00; 0.00; 0.00
21796279.259001; -0.00; 0.00; 0.00
21808438.342000; -0.00; 0.00; 0.00
21824441.011000; -0.00; 0.00; 0.00
21841504.435000; -0.00; 0.00; 0.00
21856483.948000; -0.00; 0.00; 0.00
21872898.404001; -0.00; 0.00; 0.00
21888769.167001; -0.00; 0.00; 0.00
21904415.391001; -0.00; 0.00; 0.00
21920481.867001; -0.00; 0.00; 0.00
21938037.019000; -0.00; 0.00; 0.00
21953816.249001; -0.00; 0.00; 0.00
21968510.928000; -0.00; 0.00; 0.00
21986566.964001; -0.00; 0.00; 0.00
22001742.530001; -0.00; 0.00; 0.00
22018036.608001; -0.00; 0.00; 0.00
22032434.137001; -0.00; 0.00; 0.00
22051053.851001; -0.00; 0.00; 0.00
22066877.711000; -0.00; 0.00; 0.00
22080652.743000; -0.00; 0.00; 0.00
22096753.253000; -0.00; 0.00; 0.00
22115630.095000; -0.00; 0.00; 0.00
22139028.828001; -0.00; 0.00; 0.00
22146464.036000; -0.00; 0.00; 0.00
22160384.766001; -0.00; 0.00; 0.00
22177908.520999; -0.00; 0.00; 0.00
22192455.610001; -0.00; 0.00; 0.00
22209352.098001; -0.00; 0.00; 0.00
22224866.590000; -0.00; 0.00; 0.00
22241613.435000; -0.00; 0.00; 0.00
22256474.800000; -0.00; 0.00; 0.00
22272425.316000; -0.00; 0.00; 0.00
22289558.056001; -0.00; 0.00; 0.00
22304429.056000; -0.00; 0.00; 0.00
22321711.987999; -0.00; 0.00; 0.00
22336470.906001; -0.00; 0.00; 0.00
22354554.445001; -0.00; 0.00; 0.00
22368422.197001; -0.00; 0.00; 0.00
22384633.963001; -0.00; 0.00; 0.00
22401738.336000; -0.00; 0.00; 0.00
22418145.064001; -0.00; 0.00; 0.00
22432656.561001; -0.00; 0.00; 0.00
22448987.085000; -0.00; 0.00; 0.00
22464511.699000; -0.00; 0.00; 0.00
22480362.489000; -0.00; 0.00; 0.00
22497110.992001; -0.00; 0.00; 0.00
22513867.018001; -0.00; 0.00; 0.00
22528622.802000; -0.00; 0.00; 0.00
22546247.378001; -0.00; 0.00; 0.00
22560426.378000; -0.00; 0.00; 0.00
22577569.256001; -0.00; 0.00; 0.00
22592440.754001; -0.00; 0.00; 0.00
22608361.814000; -0.00; 0.00; 0.00
22627097.864000; -0.00; 0.00; 0.00
22641885.067000; -0.00; 0.00; 0.00
22656432.769000; -0.00; 0.00; 0.00
22673851.644000; -0.00; 0.00; 0.00
22689519.362000; -0.00; 0.00; 0.00
22704617.331000; -0.00; 0.00; 0.00
22721672.713001; -0.00; 0.00; 0.00
22736437.288000; -0.00; 0.00; 0.00
22752501.899000; -0.00; 0.00; 0.00
22768455.847000; -0.00; 0.00; 0.00
22786276.292001; -0.00; 0.00; 0.00
22800976.181001; -0.00; 0.00; 0.00
22819166.724002; -0.00; 0.00; 0.00
22832443.955001; -0.00; 0.00; 0.00
22848496.850000; -0.00; 0.00; 0.00
22866279.145999; -0.00; 0.00; 0.00
22880583.477000; -0.00; 0.00; 0.00
22898041.337000; -0.00; 0.00; 0.00
22913994.651000; -0.00; 0.00; 0.00
22928437.504001; -0.00; 0.00; 0.00
22946023.085000; -0.00; 0.00; 0.00
22963137.656000; -0.00; 0.00; 0.00
22977879.682000; -0.00; 0.00; 0.00
22992476.306001; -0.00; 0.00; 0.00
23009328.298000; -0.00; 0.00; 0.00
23026558.103001; -0.00; 0.00; 0.00
23040426.900000; -0.00; 0.00; 0.00
23058255.437000; -0.00; 0.00; 0.00
23072569.826000; -0.00; 0.00; 0.00
23090283.288000; -0.00; 0.00; 0.00
23104437.512000; -0.00; 0.00; 0.00
23121398.562000; -0.00; 0.00; 0.00
23136463.841001; -0.00; 0.00; 0.00
23152435.473000; -0.00; 0.00; 0.00
23170114.296000; -0.00; 0.00; 0.00
23184433.365001; -0.00; 0.00; 0.00
23202252.338000; -0.00; 0.00; 0.00
23216942.326000; -0.00; 0.00; 0.00
23233854.024001; -0.00; 0.00; 0.00
23248473.652000; -0.00; 0.00; 0.00
23264436.938001; -0.00; 0.00; 0.00
23281699.717000; -0.00; 0.00; 0.00
23298708.834001; -0.00; 0.00; 0.00
23314143.003000; -0.00; 0.00; 0.00
23328620.095000; -0.00; 0.00; 0.00
23345863.322001; -0.00; 0.00; 0.00
23360411.427000; -0.00; 0.00; 0.00
23376859.014001; -0.00; 0.00; 0.00
23392437.153000; -0.00; 0.00; 0.00
23409341.800000; -0.00; 0.00; 0.00
23424432.485001; -0.00; 0.00; 0.00
23441560.750000; -0.00; 0.00; 0.00
23456445.626000; -0.00; 0.00; 0.00
23473722.334001; -0.00; 0.00; 0.00
23490251.221000; -0.00; 0.00; 0.00
23504427.558001; -0.00; 0.00; 0.00
23521598.206001; -0.00; 0.00; 0.00
23537499.290000; -0.00; 0.00; 0.00
23553338.872001; -0.00; 0.00; 0.00
23569530.015000; -0.00; 0.00; 0.00
23587381.285001; -0.00; 0.00; 0.00
23601622.367001; -0.00; 0.00; 0.00
23616456.693000; -0.00; 0.00; 0.00
23632470.458000; -0.00; 0.00; 0.00
23650511.506001; -0.00; 0.00; 0.00
23664438.739000; -0.00; 0.00; 0.00
23680757.971001; -0.00; 0.00; 0.00
23698528.867001; -0.00; 0.00; 0.00
23712951.292000; -0.00; 0.00; 0.00
23730442.217000; -0.00; 0.00; 0.00
23744499.159000; -0.00; 0.00; 0.00
23763021.056000; -0.00; 0.00; 0.00
23777062.535001; -0.00; 0.00; 0.00
23795261.173000; -0.00; 0.00; 0.00
23808698.823000; -0.00; 0.00; 0.00
23824427.287001; -0.00; 0.00; 0.00
23841637.884000; -0.00; 0.00; 0.00
23856519.604001; -0.00; 0.00; 0.00
23873511.389001; -0.00; 0.00; 0.00
23888749.610001; -0.00; 0.00; 0.00
23906326.496000; -0.00; 0.00; 0.00
23920690.338000; -0.00; 0.00; 0.00
23937797.669001; -0.00; 0.00; 0.00
23952444.147000; -0.00; 0.00; 0.00
23970558.337001; -0.00; 0.00; 0.00
23984430.108000; -0.00; 0.00; 0.00
24001812.467001; -0.00; 0.00; 0.00
24018479.015000; -0.00; 0.00; 0.00
24033031.774001; -0.00; 0.00; 0.00
24049914.154000; -0.00; 0.00; 0.00
24064321.291001; -0.00; 0.00; 0.00
24082565.307000; -0.00; 0.00; 0.00
24099194.328000; -0.00; 0.00; 0.00
24112729.168000; -0.00; 0.00; 0.00
24129207.603001; -0.00; 0.00; 0.00
24144836.780001; -0.00; 0.00; 0.00
24162278.625000; -0.00; 0.00; 0.00
24178682.436001; -0.00; 0.00; 0.00
24192562.152000; -0.00; 0.00; 0.00
24209590.405001; -0.00; 0.00; 0.00
24224414.039001; -0.00; 0.00; 0.00
24243033.422001; -0.00; 0.00; 0.00
24256570.130000; -0.00; 0.00; 0.00
24272459.854001; -0.00; 0.00; 0.00
24288433.299001; -0.00; 0.00; 0.00
24305556.659000; -0.00; 0.00; 0.00
24320456.844001; -0.00; 0.00; 0.00
24338794.399000; -0.00; 0.00; 0.00
24352656.745001; -0.00; 0.00; 0.00
24369930.717000; -0.00; 0.00; 0.00
24384518.032001; -0.00; 0.00; 0.00
24401938.930000; -0.00; 0.00; 0.00
24416445.070000; -0.00; 0.00; 0.00
24433508.070001; -0.00; 0.00; 0.00
24449709.026000; -0.00; 0.00; 0.00
24465020.949000; -0.00; 0.00; 0.00
24480676.242001; -0.00; 0.00; 0.00
24496637.961000; -0.00; 0.00; 0.00
24512438.051001; -0.00; 0.00; 0.00
24529059.846001; -0.00; 0.00; 0.00
24544437.180000; -0.00; 0.00; 0.00
24561886.426001; -0.00; 0.00; 0.00
24579690.705001; -0.00; 0.00; 0.00
24592526.385000; -0.00; 0.00; 0.00
24609863.112000; -0.00; 0.00; 0.00
24624566.230000; -0.00; 0.00; 0.00
24641296.142000; -0.00; 0.00; 0.00
24656432.301001; -0.00; 0.00; 0.00
24673617.713000; -0.00; 0.00; 0.00
24688832.566000; 0.00; 0.00; 0.00
24706649.164001; 0.01; 0.00; 0.00
24720399.456000; 0.02; 0.00; 0.00
24737402.746000; 0.03; 0.00; 0.00
24754380.838000; 0.04; 0.00; 0.00
24768445.183000; 0.04; 0.00; 0.00
24785519.240000; 0.05; 0.00; 0.00
24803044.296000; 0.06; 0.00; 0.00
24816812.851001; 0.07; 0.00; 0.00
24834474.951000; 0.08; 0.00; 0.00
24848461.383000; 0.08; 0.00; 0.00
24865733.966001; 0.09; 0.00; 0.00
24880554.021001; 0.10; 0.00; 0.00
24896691.940000; 0.11; 0.00; 0.00
24913261.895000; 0.12; 0.00; 0.00
24928432.654000; 0.12; 0.00; 0.00
24946571.640000; 0.13; 0.00; 0.00
24960439.201000; 0.14; 0.00; 0.00
24979024.606001; 0.15; 0.00; 0.00
24992402.820001; 0.16; 0.00; 0.00
25009631.212001; 0.16; 0.00; 0.00
25026180.562000; 0.17; 0.00; 0.00
25040436.420000; 0.18; 0.00; 0.00
25058412.668000; 0.19; 0.00; 0.00
25073252.973001; 0.20; 0.00; 0.00
25089046.499001; 0.20; 0.00; 0.00
25104436.954999; 0.21; 0.00; 0.00
25122381.357000; 0.22; 0.00; 0.00
25136443.040000; 0.23; 0.00; 0.00
25152432.395000; 0.24; 0.00; 0.00
25168580.221001; 0.24; 0.00; 0.00
25185312.158002; 0.25; 0.00; 0.00
25200445.497000; 0.26; 0.00; 0.00
25218066.528000; 0.27; 0.00; 0.00
25232428.670000; 0.28; 0.00; 0.00
25250115.877000; 0.29; 0.00; 0.00
25264445.420001; 0.29; 0.00; 0.00
25281667.366000; 0.30; 0.00; 0.00
25299322.177000; 0.31; 0.00; 0.00
25312734.503000; 0.32; 0.00; 0.00
25328435.201000; 0.32; 0.00; 0.00
25346042.902000; 0.33; 0.00; 0.00
25360350.148000; 0.34; 0.00; 0.00
25378556.176001; 0.35; 0.00; 0.00
25393251.971001; 0.36; 0.00; 0.00
25408422.091001; 0.36; 0.00; 0.00
25425875.383001; 0.37; 0.00; 0.00
25440439.907001; 0.38; 0.00; 0.00
25457790.422001; 0.39; 0.00; 0.00
25472431.059000; 0.40; 0.00; 0.00
25488471.373001; 0.40; 0.00; 0.00
25504431.706000; 0.41; 0.00; 0.00
25522679.726000; 0.42; 0.00; 0.00
25536437.839001; 0.43; 0.00; 0.00
25553425.098001; 0.44; 0.00; 0.00
25568441.860001; 0.44; 0.00; 0.00
25584409.181001; 0.45; 0.00; 0.00
25601794.002000; 0.46; 0.00; 0.00
25617097.780001; 0.47; 0.00; 0.00
25635133.465001; 0.48; 0.00; 0.00
25648720.015000; 0.48; 0.00; 0.00
25667050.759001; 0.49; 0.00; 0.00
25680589.499001; 0.50; 0.00; 0.00
25696958.669001; 0.51; 0.00; 0.00
25712425.277000; 0.52; 0.00; 0.00
25728462.671000; 0.52; 0.00; 0.00
25744888.492001; 0.53; 0.00; 0.00
25760473.863001; 0.54; 0.00; 0.00
25776422.758000; 0.55; 0.00; 0.00
25794366.165000; 0.56; 0.00; 0.00
25810020.130000; 0.57; 0.00; 0.00
25824705.204000; 0.57; 0.00; 0.00
25840353.661000; 0.58; 0.00; 0.00
25857089.436000; 0.59; 0.00; 0.00
25872426.243001; 0.60; 0.00; 0.00
25889810.578001; 0.61; 0.00; 0.00
25904494.797001; 0.61; 0.00; 0.00
25922109.120001; 0.62; 0.00; 0.00
25936440.248000; 0.63; 0.00; 0.00
25955210.086000; 0.64; 0.00; 0.00
25970877.537000; 0.65; 0.00; 0.00
25985676.774000; 0.65; 0.00; 0.00
26001519.675000; 0.66; 0.00; 0.00
26016532.119000; 0.67; 0.00; 0.00
26032474.456000; 0.68; 0.00; 0.00
26048879.319000; 0.68; 0.00; 0.00
26064475.031000; 0.69; 0.00; 0.00
26081346.211000; 0.70; 0.00; 0.00
26098528.262000; 0.71; 0.00; 0.00
26112856.081000; 0.72; 0.00; 0.00
26128454.136000; 0.72; 0.00; 0.00
26144426.147000; 0.73; 0.00; 0.00
26161331.541000; 0.74; 0.00; 0.00
26176420.276001; 0.75; 0.00; 0.00
26193057.211000; 0.76; 0.00; 0.00
26208417.327001; 0.76; 0.00; 0.00
26224434.107000; 0.77; 0.00; 0.00
26240427.500001; 0.78; 0.00; 0.00
26257708.032001; 0.79; 0.00; 0.00
26272608.682000; 0.80; 0.00; 0.00
26290162.512000; 0.81; 0.00; 0.00
26304430.466001; 0.81; 0.00; 0.00
26320458.486000; 0.82; 0.00; 0.00
26337960.490000; 0.83; 0.00; 0.00
26353311.299001; 0.84; 0.00; 0.00
26368425.690001; 0.84; 0.00; 0.00
26384500.994000; 0.85; 0.00; 0.00
26401150.977001; 0.86; 0.00; 0.00
26418510.049001; 0.87; 0.00; 0.00
26433299.432000; 0.88; 0.00; 0.00
26449935.364000; 0.89; 0.00; 0.00
26464450.018001; 0.89; 0.00; 0.00
26481442.687000; 0.90; 0.00; 0.00
26496465.123000; 0.91; 0.00; 0.00
26514499.950001; 0.92; 0.00; 0.00
26528484.653000; 0.93; 0.00; 0.00
26546065.414001; 0.93; 0.00; 0.00
26560404.880000; 0.94; 0.00; 0.00
26577838.913000; 0.95; 0.00; 0.00
26592449.000001; 0.96; 0.00; 0.00
26608428.918001; 0.96; 0.00; 0.00
26624437.995000; 0.97; 0.00; 0.00
26640426.935000; 0.98; 0.00; 0.00
26657802.814000; 0.99; 0.00; 0.00
26672416.228001; 1.00; 0.00; 0.00
26689176.054000; 1.00; 0.00; 0.00
26704549.348000; 1.00; 0.00; 0.00
26722441.018001; 1.00; 0.00; 0.00
26737521.127000; 1.00; 0.00; 0.00
26752682.851001; 1.00; 0.00; 0.00
26770270.836000; 1.00; 0.00; 0.00
26784775.107000; 1.00; 0.00; 0.00
26802618.181000; 1.00; 0.00; 0.00
26818235.800000; 1.00; 0.00; 0.00
26833502.318001; 1.00; 0.00; 0.00
26848434.485001; 1.00; 0.00; 0.00
26864545.038000; 1.00; 0.00; 0.00
26880456.997001; 1.00; 0.00; 0.00
26896574.095000; 1.00; 0.00; 0.00
26913421.998000; 1.00; 0.00; 0.00
26930760.452001; 1.00; 0.00; 0.00
26944559.689000; 1.00; 0.00; 0.00
26962534.430000; 1.00; 0.00; 0.00
26976764.853001; 1.00; 0.00; 0.00
26993661.774000; 1.00; 0.00; 0.00
27008764.516000; 1.00; 0.00; 0.00
27025041.760000; 1.00; 0.00; 0.00
27040422.457000; 1.00; 0.00; 0.00
27058429.594001; 1.00; 0.00; 0.00
27072442.309001; 1.00; 0.00; 0.00
27088429.534000; 1.00; 0.00; 0.00
27106299.367001; 1.00; 0.00; 0.00
27120448.925000; 1.00; 0.00; 0.00
27136541.517000; 1.00; 0.00; 0.00
27154121.195001; 1.00; 0.00; 0.00
27168513.605000; 1.00; 0.00; 0.00
27185303.942000; 1.00; 0.00; 0.00
27201994.722000; 1.00; 0.00; 0.00
27216435.766001; 1.00; 0.00; 0.00
27233881.320001; 1.00; 0.00; 0.00
27248480.230000; 1.00; 0.00; 0.00
27266334.748000; 1.00; 0.00; 0.00
27280482.230000; 1.00; 0.00; 0.00
27298050.622000; 1.00; 0.00; 0.00
27312668.934001; 1.00; 0.00; 0.00
27329629.170001; 1.00; 0.00; 0.00
27344404.490001; 1.00; 0.00; 0.00
27360510.094001; 1.00; 0.00; 0.00
27379182.968000; 1.00; 0.00; 0.00
27392537.551001; 1.00; 0.00; 0.00
27409721.287000; 1.00; 0.00; 0.00
27425245.748001; 1.00; 0.00; 0.00
27441494.310000; 1.00; 0.00; 0.00
27456543.308001; 1.00; 0.00; 0.00
27472428.136001; 1.00; 0.00; 0.00
27489703.030001; 1.00; 0.00; 0.00
27506439.652000; 1.00; 0.00; 0.00
27520670.444000; 1.00; 0.00; 0.00
27538526.596001; 1.00; 0.00; 0.00
27554539.660000; 1.00; 0.00; 0.00
27568381.685000; 1.00; 0.00; 0.00
27586306.121000; 1.00; 0.00; 0.00
27601447.706000; 1.00; 0.00; 0.00
27616428.817000; 1.00; 0.00; 0.00
27634211.672001; 1.00; 0.00; 0.00
27648377.643001; 1.00; 0.00; 0.00
27664445.370000; 1.00; 0.00; 0.00
27680435.057000; 1.00; 0.00; 0.00
27697093.000001; 1.00; 0.00; 0.00
27714816.365001; 1.00; 0.00; 0.00
27728414.304001; 1.00; 0.00; 0.00
27746623.615001; 1.00; 0.00; 0.00
27760316.823000; 1.00; 0.00; 0.00
27776420.809000; 1.00; 0.00; 0.00
27794496.284000; 1.00; 0.00; 0.00
27808473.741001; 1.00; 0.00; 0.00
27825731.406000; 1.00; 0.00; 0.00
27841831.093000; 1.00; 0.00; 0.00
27857404.657001; 1.00; 0.00; 0.00
27872458.161000; 1.00; 0.00; 0.00
27888809.653001; 1.00; 0.00; 0.00
27905460.815000; 1.00; 0.00; 0.00
27920450.441002; 1.00; 0.00; 0.00
27936432.219001; 1.00; 0.00; 0.00
27953001.714001; 1.00; 0.00; 0.00
27968414.794001; 1.00; 0.00; 0.00
27985812.401001; 1.00; 0.00; 0.00
28000428.633000; 1.00; 0.00; 0.00
28017407.936001; 1.00; 0.00; 0.00
28033718.929000; 1.00; 0.00; 0.00
28048555.034000; 1.00; 0.00; 0.00
28065732.691000; 1.00; 0.00; 0.00
28082538.046000; 1.00; 0.00; 0.00
28096819.310000; 1.00; 0.00; 0.00
28113161.759001; 1.00; 0.00; 0.00
28128622.900001; 1.00; 0.00; 0.00
28146470.304000; 1.00; 0.00; 0.00
28160461.570001; 1.00; 0.00; 0.00
28177772.563000; 1.00; 0.00; 0.00
28192564.499001; 1.00; 0.00; 0.00
28208473.806001; 1.00; 0.00; 0.00
28225946.940001; 1.00; 0.00; 0.00
28240446.550000; 1.00; 0.00; 0.00
28256991.782001; 1.00; 0.00; 0.00
28274244.815001; 1.00; 0.00; 0.00
28288442.828000; 1.00; 0.00; 0.00
28305101.020999; 1.00; 0.00; 0.00
28322230.248001; 1.00; 0.00; 0.00
28336548.387000; 1.00; 0.00; 0.00
28353624.820001; 1.00; 0.00; 0.00
28368434.701000; 1.00; 0.00; 0.00
28384587.410001; 1.00; 0.00; 0.00
28401992.481001; 1.00; 0.00; 0.00
28416826.895000; 1.00; 0.00; 0.00
28434354.443000; 1.00; 0.00; 0.00
28449281.832001; 1.00; 0.00; 0.00
28464441.792001; 1.00; 0.00; 0.00
28482263.709001; 1.00; 0.00; 0.00
28498900.961000; 1.00; 0.00; 0.00
28513884.548000; 1.00; 0.00; 0.00
28530291.094001; 1.00; 0.00; 0.00
28544351.696000; 1.00; 0.00; 0.00
28562732.815001; 1.00; 0.00; 0.00
28576477.085000; 1.00; 0.00; 0.00
28593911.516001; 1.00; 0.00; 0.00
28609403.201000; 1.00; 0.00; 0.00
28624438.234000; 1.00; 0.00; 0.00
28641951.622001; 1.00; 0.00; 0.00
28656969.492001; 1.00; 0.00; 0.00
28673144.049001; 1.00; 0.00; 0.00
28689789.561000; 1.00; 0.00; 0.00
28704472.189001; 1.00; 0.00; 0.00
28720433.314001; 1.00; 0.00; 0.00
28737875.628000; 1.00; 0.00; 0.00
28752467.859001; 1.00; 0.00; 0.00
28769850.746000; 1.00; 0.00; 0.00
28784453.758000; 1.00; 0.00; 0.00
28801695.533000; 1.00; 0.00; 0.00
28818946.289001; 1.00; 0.00; 0.00
28833017.761001; 1.00; 0.00; 0.00
28849596.429001; 1.00; 0.00; 0.00
28864476.790000; 1.00; 0.00; 0.00
28881513.905001; 1.00; 0.00; 0.00
28897983.966001; 1.00; 0.00; 0.00
28914845.609000; 1.00; 0.00; 0.00
28928873.298000; 1.00; 0.00; 0.00
28944429.520000; 1.00; 0.00; 0.00
28962149.224000; 1.00; 0.00; 0.00
28976516.208000; 1.00; 0.00; 0.00
28992412.005000; 1.00; 0.00; 0.00
29009046.319001; 1.00; 0.00; 0.00
29026515.870001; 1.00; 0.00; 0.00
29041021.289001; 1.00; 0.00; 0.00
29057677.355000; 1.00; 0.00; 0.00
29072455.099002; 1.00; 0.00; 0.00
29089360.513000; 1.00; 0.00; 0.00
29104400.039001; 1.00; 0.00; 0.00
29121467.798000; 1.00; 0.00; 0.00
29138659.101001; 1.00; 0.00; 0.00
29152522.089001; 1.00; 0.00; 0.00
29169787.624001; 1.00; 0.00; 0.00
29186485.068001; 1.00; 0.00; 0.00
29200449.430001; 1.00; 0.00; 0.00
29217775.155001; 1.00; 0.00; 0.00
29233285.507000; 1.00; 0.00; 0.00
29248433.793000; 1.00; 0.00; 0.00
29264936.533002; 1.00; 0.00; 0.00
29282339.890000; 1.00; 0.00; 0.00
29296449.244000; 1.00; 0.00; 0.00
29313831.275001; 1.00; 0.00; 0.00
29328501.632000; 1.00; 0.00; 0.00
29344434.434001; 1.00; 0.00; 0.00
29362902.384001; 1.00; 0.00; 0.00
29376406.037001; 1.00; 0.00; 0.00
29392446.945001; 1.00; 0.00; 0.00
29409839.177000; 1.00; 0.00; 0.00
29424446.994000; 1.00; 0.00; 0.00
29441545.161000; 1.00; 0.00; 0.00
29456411.046000; 1.00; 0.00; 0.00
29473304.280001; 1.00; 0.00; 0.00
29489019.590001; 1.00; 0.00; 0.00
29506290.188000; 1.00; 0.00; 0.00
29520537.079000; 1.00; 0.00; 0.00
29538163.067000; 1.00; 0.00; 0.00
29552398.217001; 1.00; 0.00; 0.00
29569515.164001; 1.00; 0.00; 0.00
29586943.330001; 1.00; 0.00; 0.00
29600453.157001; 1.00; 0.00; 0.00
29618036.578000; 1.00; 0.00; 0.00
29634201.639001; 1.00; 0.00; 0.00
29648464.166001; 1.00; 0.00; 0.00
29664494.353000; 1.00; 0.00; 0.00
29680574.471000; 1.00; 0.00; 0.00
29697522.726000; 1.00; 0.00; 0.00
29712886.408002; 1.00; 0.00; 0.00
29729876.466001; 1.00; 0.00; 0.00
29744442.442000; 1.00; 0.00; 0.00
29761600.710000; 1.00; 0.00; 0.00
29776424.747001; 1.00; 0.00; 0.00
29792436.985001; 1.00; 0.00; 0.00
29810242.806000; 1.00; 0.00; 0.00
29824848.221000; 1.00; 0.00; 0.00
29840432.035000; 1.00; 0.00; 0.00
29857715.317000; 1.00; 0.00; 0.00
29872447.407001; 1.00; 0.00; 0.00
29888408.696001; 1.00; 0.00; 0.00
29905565.453000; 1.00; 0.00; 0.00
29920499.453000; 1.00; 0.00; 0.00
29937641.683000; 1.00; 0.00; 0.00
29952501.366000; 1.00; 0.00; 0.00
29969815.307000; 1.00; 0.00; 0.00
29984443.278000; 1.00; 0.00; 0.00
30002168.692000; 1.00; 0.00; 0.00
30016465.587000; 1.00; 0.00; 0.00
30032451.721000; 1.00; 0.00; 0.00
30048452.249001; 1.00; 0.00; 0.00
30065293.811001; 1.00; 0.00; 0.00
30080495.346000; 1.00; 0.00; 0.00
30098661.277000; 1.00; 0.00; 0.00
30113074.185000; 1.00; 0.00; 0.00
30130012.516001; 1.00; 0.00; 0.00
30144574.671000; 1.00; 0.00; 0.00
30162042.637000; 1.00; 0.00; 0.00
30176404.762001; 1.00; 0.00; 0.00
30192405.005000; 1.00; 0.00; 0.00
30209356.744000; 1.00; 0.00; 0.00
30224450.859000; 1.00; 0.00; 0.00
30240554.269000; 1.00; 0.00; 0.00
30258070.901001; 1.00; 0.00; 0.00
30272449.100000; 1.00; 0.00; 0.00
30289531.596001; 1.00; 0.00; 0.00
30307004.123000; 1.00; 0.00; 0.00
30321214.414001; 1.00; 0.00; 0.00
30336427.203000; 1.00; 0.00; 0.00
30352512.066002; 1.00; 0.00; 0.00
30370299.441002; 1.00; 0.00; 0.00
30384432.194000; 1.00; 0.00; 0.00
30401787.770000; 1.00; 0.00; 0.00
30418419.116000; 1.00; 0.00; 0.00
30432470.128000; 1.00; 0.00; 0.00
30449595.804001; 1.00; 0.00; 0.00
30464319.116000; 1.00; 0.00; 0.00
30480857.286000; 1.00; 0.00; 0.00
30498729.132000; 1.00; 0.00; 0.00
30514219.131001; 1.00; 0.00; 0.00
30529313.842000; 1.00; 0.00; 0.00
30544446.899001; 1.00; 0.00; 0.00
30560385.594001; 1.00; 0.00; 0.00
30578619.768001; 1.00; 0.00; 0.00
30592490.099000; 1.00; 0.00; 0.00
30608999.156000; 1.00; 0.00; 0.00
30624426.062000; 1.00; 0.00; 0.00
30640507.010000; 1.00; 0.00; 0.00
30658396.260001; 1.00; 0.00; 0.00
30673057.544001; 1.00; 0.00; 0.00
30688441.594000; 1.00; 0.00; 0.00
30705619.305000; 1.00; 0.00; 0.00
30720400.827000; 1.00; 0.00; 0.00
30738139.890000; 1.00; 0.00; 0.00
30752453.323000; 1.00; 0.00; 0.00
30770300.811000; 1.00; 0.00; 0.00
30784730.167001; 1.00; 0.00; 0.00
30800523.778001; 1.00; 0.00; 0.00
30816466.277000; 1.00; 0.00; 0.00
30832432.162001; 1.00; 0.00; 0.00
30849520.430000; 1.00; 0.00; 0.00
30866365.290000; 1.00; 0.00; 0.00
30880446.451000; 1.00; 0.00; 0.00
30897778.736000; 1.00; 0.00; 0.00
30912431.769000; 1.00; 0.00; 0.00
30928710.345000; 1.00; 0.00; 0.00
30947086.891000; 1.00; 0.00; 0.00
30960415.892000; 1.00; 0.00; 0.00
30978705.612000; 1.00; 0.00; 0.00
30992442.384000; 1.00; 0.00; 0.00
31008436.686000; 1.00; 0.00; 0.00
31024872.656000; 1.00; 0.00; 0.00
31040466.341001; 1.00; 0.00; 0.00
31057099.464000; 1.00; 0.00; 0.00
31072418.177000; 1.00; 0.00; 0.00
31088530.606001; 1.00; 0.00; 0.00
31105589.987999; 1.00; 0.00; 0.00
31120432.394000; 1.00; 0.00; 0.00
31136431.896001; 1.00; 0.00; 0.00
31154820.130000; 1.00; 0.00; 0.00
31168527.395000; 1.00; 0.00; 0.00
31184584.759000; 1.00; 0.00; 0.00
31200442.373000; 1.00; 0.00; 0.00
31218263.647000; 1.00; 0.00; 0.00
31232464.060000; 1.00; 0.00; 0.00
31250360.578000; 1.00; 0.00; 0.00
31264590.586000; 1.00; 0.00; 0.00
31282924.177000; 1.00; 0.00; 0.00
31296637.111001; 1.00; 0.00; 0.00
31312913.538000; 1.00; 0.00; 0.00
31328708.045000; 1.00; 0.00; 0.00
31346548.308001; 1.00; 0.00; 0.00
31360458.319001; 1.00; 0.00; 0.00
31377583.228001; 1.00; 0.00; 0.00
31392939.120001; 1.00; 0.00; 0.00
31408718.842001; 1.00; 0.00; 0.00
31425754.534000; 1.00; 0.00; 0.00
31440940.060000; 1.00; 0.00; 0.00
31456431.733001; 1.00; 0.00; 0.00
31473513.879000; 1.00; 0.00; 0.00
31488789.156000; 1.00; 0.00; 0.00
31504467.631001; 1.00; 0.00; 0.00
31521513.259000; 1.00; 0.00; 0.00
31536433.428000; 1.00; 0.00; 0.00
31552491.075000; 1.00; 0.00; 0.00
31570262.503001; 1.00; 0.00; 0.00
31585326.753000; 1.00; 0.00; 0.00
31600449.383000; 1.00; 0.00; 0.00
31619410.297001; 1.00; 0.00; 0.00
31632456.070001; 1.00; 0.00; 0.00
31649821.624001; 1.00; 0.00; 0.00
31666246.744000; 1.00; 0.00; 0.00
31682097.816000; 1.00; 0.00; 0.00
31696766.162000; 1.00; 0.00; 0.00
31714335.818000; 1.00; 0.00; 0.00
31728433.189000; 1.00; 0.00; 0.00
31746234.303000; 1.00; 0.00; 0.00
31761545.101001; 1.00; 0.00; 0.00
31776442.695001; 1.00; 0.00; 0.00
31793512.874000; 1.00; 0.00; 0.00
31808603.694000; 1.00; 0.00; 0.00
31825534.733001; 1.00; 0.00; 0.00
31841033.795001; 1.00; 0.00; 0.00
31856386.617001; 1.00; 0.00; 0.00
31873601.523001; 1.00; 0.00; 0.00
31888432.293001; 1.00; 0.00; 0.00
31907133.178000; 1.00; 0.00; 0.00
31920587.986000; 1.00; 0.00; 0.00
31936417.465000; 1.00; 0.00; 0.00
31952543.731001; 1.00; 0.00; 0.00
31970111.902000; 1.00; 0.00; 0.00
31986116.131000; 1.00; 0.00; 0.00
32001502.642000; 1.00; 0.00; 0.00
32017250.492001; 1.00; 0.00; 0.00
32032455.369000; 1.00; 0.00; 0.00
32048385.430000; 1.00; 0.00; 0.00
32066019.527000; 1.00; 0.00; 0.00
32080424.490000; 1.00; 0.00; 0.00
32098636.566000; 1.00; 0.00; 0.00
32112836.731001; 1.00; 0.00; 0.00
32128670.661001; 1.00; 0.00; 0.00
32144424.775001; 1.00; 0.00; 0.00
32160434.005001; 1.00; 0.00; 0.00
32176478.883000; 1.00; 0.00; 0.00
32193007.601001; 1.00; 0.00; 0.00
32209063.860001; 1.00; 0.00; 0.00
32225932.997000; 1.00; 0.00; 0.00
32240519.237999; 1.00; 0.00; 0.00
32258086.750000; 1.00; 0.00; 0.00
32272545.808001; 1.00; 0.00; 0.00
32290268.518001; 1.00; 0.00; 0.00
32304766.307000; 1.00; 0.00; 0.00
32321682.032001; 1.00; 0.00; 0.00
32338101.230000; 1.00; 0.00; 0.00
32352452.030001; 1.00; 0.00; 0.00
32369571.614000; 1.00; 0.00; 0.00
32386661.671000; 1.00; 0.00; 0.00
32400991.455001; 1.00; 0.00; 0.00
32416536.295001; 1.00; 0.00; 0.00
32432439.807000; 1.00; 0.00; 0.00
32449626.418000; 1.00; 0.00; 0.00
32464788.125000; 1.00; 0.00; 0.00
32480451.303000; 1.00; 0.00; 0.00
32497536.913001; 1.00; 0.00; 0.00
32512457.366000; 1.00; 0.00; 0.00
32529840.971001; 1.00; 0.00; 0.00
32546698.229001; 1.00; 0.00; 0.00
32560589.453001; 1.00; 0.00; 0.00
32576457.618001; 1.00; 0.00; 0.00
32594306.122001; 1.00; 0.00; 0.00
32608671.390000; 1.00; 0.00; 0.00
32624419.638000; 1.00; 0.00; 0.00
32641902.066002; 1.00; 0.00; 0.00
32656497.107000; 1.00; 0.00; 0.00
32673714.536000; 1.00; 0.00; 0.00
32690204.879001; 0.99; 0.00; 0.00
32704574.261001; 0.99; 0.00; 0.00
32720440.003000; 0.98; 0.00; 0.00
32737621.898001; 0.97; 0.00; 0.00
32752432.923000; 0.96; 0.00; 0.00
32768438.273001; 0.95; 0.00; 0.00
32785627.002000; 0.94; 0.00; 0.00
32803128.341000; 0.94; 0.00; 0.00
32816705.756001; 0.93; 0.00; 0.00
32834411.218000; 0.92; 0.00; 0.00
32848663.524000; 0.91; 0.00; 0.00
32865783.677001; 0.90; 0.00; 0.00
32880327.457000; 0.90; 0.00; 0.00
32896520.985001; 0.89; 0.00; 0.00
32913570.874001; 0.88; 0.00; 0.00
32930513.626000; 0.87; 0.00; 0.00
32944446.611001; 0.86; 0.00; 0.00
32961388.726000; 0.86; 0.00; 0.00
32978188.814000; 0.85; 0.00; 0.00
32992418.655001; 0.84; 0.00; 0.00
33008453.262000; 0.83; 0.00; 0.00
33025308.378001; 0.82; 0.00; 0.00
33042646.258000; 0.82; 0.00; 0.00
33057953.907001; 0.81; 0.00; 0.00
33072425.584001; 0.80; 0.00; 0.00
33088731.416000; 0.79; 0.00; 0.00
33106084.906000; 0.78; 0.00; 0.00
33120430.715000; 0.78; 0.00; 0.00
33136582.585001; 0.77; 0.00; 0.00
33153947.852001; 0.76; 0.00; 0.00
33170340.487999; 0.75; 0.00; 0.00
33184692.721001; 0.74; 0.00; 0.00
33201912.266001; 0.74; 0.00; 0.00
33216754.644000; 0.73; 0.00; 0.00
33232510.893001; 0.72; 0.00; 0.00
33248450.610000; 0.71; 0.00; 0.00
33264850.081000; 0.70; 0.00; 0.00
33281748.695001; 0.70; 0.00; 0.00
33296456.434000; 0.69; 0.00; 0.00
33313521.548000; 0.68; 0.00; 0.00
33330733.436001; 0.67; 0.00; 0.00
33344446.973001; 0.66; 0.00; 0.00
33360398.164001; 0.66; 0.00; 0.00
33376427.844000; 0.65; 0.00; 0.00
33392436.572001; 0.64; 0.00; 0.00
33409643.110001; 0.63; 0.00; 0.00
33424475.997001; 0.62; 0.00; 0.00
33440428.320000; 0.62; 0.00; 0.00
33458496.487000; 0.61; 0.00; 0.00
33472449.900001; 0.60; 0.00; 0.00
33489242.674001; 0.59; 0.00; 0.00
33504481.471000; 0.58; 0.00; 0.00
33521822.200001; 0.58; 0.00; 0.00
33538515.284000; 0.57; 0.00; 0.00
33553641.662001; 0.56; 0.00; 0.00
33568452.997001; 0.55; 0.00; 0.00
33584427.865000; 0.54; 0.00; 0.00
33602363.376000; 0.53; 0.00; 0.00
33616428.909000; 0.53; 0.00; 0.00
33632823.320001; 0.52; 0.00; 0.00
33649081.957001; 0.51; 0.00; 0.00
33665967.335000; 0.50; 0.00; 0.00
33680430.975000; 0.50; 0.00; 0.00
33696503.096000; 0.49; 0.00; 0.00
33713095.324000; 0.48; 0.00; 0.00
33730332.332000; 0.47; 0.00; 0.00
33744874.942000; 0.46; 0.00; 0.00
33761121.129001; 0.46; 0.00; 0.00
33776450.408002; 0.45; 0.00; 0.00
33792423.839001; 0.44; 0.00; 0.00
33808358.098001; 0.43; 0.00; 0.00
33825644.862000; 0.42; 0.00; 0.00
33840443.060000; 0.42; 0.00; 0.00
33856392.034000; 0.41; 0.00; 0.00
33874203.800000; 0.40; 0.00; 0.00
33888427.875000; 0.39; 0.00; 0.00
33905760.264001; 0.38; 0.00; 0.00
33920411.856001; 0.38; 0.00; 0.00
33937784.572001; 0.37; 0.00; 0.00
33952888.194000; 0.36; 0.00; 0.00
33970418.726001; 0.35; 0.00; 0.00
33984560.800000; 0.34; 0.00; 0.00
34000556.127000; 0.34; 0.00; 0.00
34019009.252001; 0.33; 0.00; 0.00
34032994.159000; 0.32; 0.00; 0.00
34050206.139001; 0.31; 0.00; 0.00
34064526.212001; 0.30; 0.00; 0.00
34082190.613001; 0.29; 0.00; 0.00
34096777.039001; 0.29; 0.00; 0.00
34112699.004001; 0.28; 0.00; 0.00
34128670.274001; 0.27; 0.00; 0.00
34146325.123001; 0.26; 0.00; 0.00
34160446.041000; 0.26; 0.00; 0.00
34176427.459001; 0.25; 0.00; 0.00
34196139.825001; 0.24; 0.00; 0.00
34209362.441002; 0.23; 0.00; 0.00
34224438.329999; 0.22; 0.00; 0.00
34240470.170001; 0.22; 0.00; 0.00
34256451.841001; 0.21; 0.00; 0.00
34272517.001000; 0.20; 0.00; 0.00
34290325.333000; 0.19; 0.00; 0.00
34304696.225000; 0.18; 0.00; 0.00
34322528.847000; 0.17; 0.00; 0.00
34336423.849000; 0.17; 0.00; 0.00
34352426.325000; 0.16; 0.00; 0.00
34370498.037001; 0.15; 0.00; 0.00
34386119.305000; 0.14; 0.00; 0.00
34400432.140000; 0.14; 0.00; 0.00
34417277.050001; 0.13; 0.00; 0.00
34432432.185000; 0.12; 0.00; 0.00
34449305.291000; 0.11; 0.00; 0.00
34464361.843000; 0.10; 0.00; 0.00
34480462.899000; 0.10; 0.00; 0.00
34496595.736000; 0.09; 0.00; 0.00
34512576.926001; 0.08; 0.00; 0.00
34529850.030001; 0.07; 0.00; 0.00
34544870.214000; 0.06; 0.00; 0.00
34560706.155001; 0.05; 0.00; 0.00
34576712.583001; 0.05; 0.00; 0.00
34592397.951001; 0.04; 0.00; 0.00
34609879.999001; 0.03; 0.00; 0.00
34624422.757000; 0.02; 0.00; 0.00
34641015.102000; 0.01; 0.00; 0.00
34659995.266001; 0.01; 0.00; 0.00
34673907.444000; -0.00; 0.00; 0.00
34688392.928000; -0.00; 0.00; 0.00
34704425.736000; -0.00; 0.00; 0.00
34720427.991000; -0.00; 0.00; 0.00
34736440.897000; -0.00; 0.00; 0.00
34753635.885000; -0.00; 0.00; 0.00
34770189.737000; -0.00; 0.00; 0.00
34784343.095000; -0.00; 0.00; 0.00
34801327.476001; -0.00; 0.00; 0.00
34818803.738001; -0.00; 0.00; 0.00
34832329.231001; -0.00; 0.00; 0.00
34849569.473000; -0.00; 0.00; 0.00
34866540.390000; -0.00; 0.00; 0.00
34880364.491000; -0.00; 0.00; 0.00
34897572.736000; -0.00; 0.00; 0.00
34914060.988001; -0.00; 0.00; 0.00
34928801.129000; -0.00; 0.00; 0.00
34944297.711000; -0.00; 0.00; 0.00
34962215.442000; -0.00; 0.00; 0.00
34977083.869000; -0.00; 0.00; 0.00
34994185.969001; -0.00; 0.00; 0.00
35008478.631001; -0.00; 0.00; 0.00
35025550.061000; -0.00; 0.00; 0.00
35040463.820001; -0.00; 0.00; 0.00
35056494.173001; -0.00; 0.00; 0.00
35074116.957000; -0.00; 0.00; 0.00
35088442.314000; -0.00; 0.00; 0.00
35104479.915000; -0.00; 0.00; 0.00
35123299.167001; -0.00; 0.00; 0.00
35136681.597000; -0.00; 0.00; 0.00
35152433.795000; -0.00; 0.00; 0.00
35168449.150000; -0.00; 0.00; 0.00
35184656.721001; -0.00; 0.00; 0.00
35200556.834000; -0.00; 0.00; 0.00
35217550.664001; -0.00; 0.00; 0.00
35232452.433001; -0.00; 0.00; 0.00
35248457.283002; -0.00; 0.00; 0.00
35264458.581000; -0.00; 0.00; 0.00
35282025.884000; -0.00; 0.00; 0.00
35296507.263000; -0.00; 0.00; 0.00
35314073.497001; -0.00; 0.00; 0.00
35329469.655000; -0.00; 0.00; 0.00
35344497.586000; -0.00; 0.00; 0.00
35361534.638000; -0.00; 0.00; 0.00
35376419.910001; -0.00; 0.00; 0.00
35393351.571000; -0.00; 0.00; 0.00
35408982.685000; -0.00; 0.00; 0.00
35426342.740000; -0.00; 0.00; 0.00
35440653.032001; -0.00; 0.00; 0.00
35459507.170000; -0.00; 0.00; 0.00
35473667.568001; -0.00; 0.00; 0.00
35488448.556001; -0.00; 0.00; 0.00
35506567.709001; -0.00; 0.00; 0.00
35520437.641000; -0.00; 0.00; 0.00
35538402.174000; -0.00; 0.00; 0.00
35552415.087001; -0.00; 0.00; 0.00
35568401.631001; -0.00; 0.00; 0.00
35585597.480000; -0.00; 0.00; 0.00
35600427.248000; -0.00; 0.00; 0.00
35616471.412001; -0.00; 0.00; 0.00
35634796.320001; -0.00; 0.00; 0.00
35648423.892000; -0.00; 0.00; 0.00
35666097.778000; -0.00; 0.00; 0.00
35682011.137001; -0.00; 0.00; 0.00
35696449.741001; -0.00; 0.00; 0.00
35712748.132000; -0.00; 0.00; 0.00
35730073.253000; -0.00; 0.00; 0.00
35744428.466001; -0.00; 0.00; 0.00
35760416.390000; -0.00; 0.00; 0.00
35778346.684000; -0.00; 0.00; 0.00
35792746.650001; -0.00; 0.00; 0.00
35808623.203000; -0.00; 0.00; 0.00
35824923.885000; -0.00; 0.00; 0.00
35842798.862000; -0.00; 0.00; 0.00
35856914.518001; -0.00; 0.00; 0.00
35872437.144000; -0.00; 0.00; 0.00
35888770.520999; -0.00; 0.00; 0.00
35905775.069001; -0.00; 0.00; 0.00
35922220.584001; -0.00; 0.00; 0.00
35937539.279000; -0.00; 0.00; 0.00
35954094.187000; -0.00; 0.00; 0.00
35970624.774000; -0.00; 0.00; 0.00
35985005.839001; -0.00; 0.00; 0.00
36002179.900001; -0.00; 0.00; 0.00
36016437.814001; -0.00; 0.00; 0.00
36032734.832001; -0.00; 0.00; 0.00
36048483.172001; -0.00; 0.00; 0.00
36065004.938000; -0.00; 0.00; 0.00
36080439.384001; -0.00; 0.00; 0.00
36098648.777000; -0.00; 0.00; 0.00
36114613.908000; -0.00; 0.00; 0.00
36128590.213000; -0.00; 0.00; 0.00
36144584.994000; -0.00; 0.00; 0.00
36160876.386001; -0.00; 0.00; 0.00
36176453.877000; -0.00; 0.00; 0.00
36194032.394001; -0.00; 0.00; 0.00
36208530.366000; -0.00; 0.00; 0.00
36225790.059000; -0.00; 0.00; 0.00
36242001.240001; -0.00; 0.00; 0.00
36256426.716001; -0.00; 0.00; 0.00
36272459.405001; -0.00; 0.00; 0.00
36289972.210000; -0.00; 0.00; 0.00
36304994.435000; -0.00; 0.00; 0.00
36320421.564001; -0.00; 0.00; 0.00
36336467.095000; -0.00; 0.00; 0.00
36352570.902000; -0.00; 0.00; 0.00
36368454.800000; -0.00; 0.00; 0.00
36386290.822001; -0.00; 0.00; 0.00
36401028.345000; -0.00; 0.00; 0.00
36419492.919001; -0.00; 0.00; 0.00
36435207.731001; -0.00; 0.00; 0.00
36449806.254001; -0.00; 0.00; 0.00
36466328.699000; -0.00; 0.00; 0.00
36484607.433001; -0.00; 0.00; 0.00
36499063.162001; -0.00; 0.00; 0.00
36512569.570001; -0.00; 0.00; 0.00
36528480.854000; -0.00; 0.00; 0.00
36545703.462000; -0.00; 0.00; 0.00
36560434.451000; -0.00; 0.00; 0.00
36576501.407001; -0.00; 0.00; 0.00
36595381.343000; -0.00; 0.00; 0.00
36610039.014001; -0.00; 0.00; 0.00
36624607.775001; -0.00; 0.00; 0.00
36643088.447001; -0.00; 0.00; 0.00
36658298.369000; -0.00; 0.00; 0.00
36672589.167001; -0.00; 0.00; 0.00
36688760.105000; -0.00; 0.00; 0.00
36707245.979001; -0.00; 0.00; 0.00
36721352.938001; -0.00; 0.00; 0.00
36736423.417000; -0.00; 0.00; 0.00
36753179.463000; -0.00; 0.00; 0.00
36768436.788000; -0.00; 0.00; 0.00
36784438.634000; -0.00; 0.00; 0.00
36801709.526000; -0.00; 0.00; 0.00
36816461.030000; -0.00; 0.00; 0.00
36832607.278000; -0.00; 0.00; 0.00
36848431.557000; -0.00; 0.00; 0.00
36865451.770000; -0.00; 0.00; 0.00
36880424.652000; -0.00; 0.00; 0.00
36898195.734000; -0.00; 0.00; 0.00
36912524.310000; -0.00; 0.00; 0.00
36929801.495000; -0.00; 0.00; 0.00
36945038.633000; -0.00; 0.00; 0.00
36962338.627001; -0.00; 0.00; 0.00
36976695.999001; -0.00; 0.00; 0.00
36992430.627001; -0.00; 0.00; 0.00
37009534.243000; -0.00; 0.00; 0.00
37026528.092000; -0.00; 0.00; 0.00
37040294.154000; -0.00; 0.00; 0.00
37057744.036000; -0.00; 0.00; 0.00
37073551.137000; -0.00; 0.00; 0.00
37089533.076000; -0.00; 0.00; 0.00
37104580.312000; -0.00; 0.00; 0.00
37120502.689000; -0.00; 0.00; 0.00
37137577.239000; -0.00; 0.00; 0.00
37153182.124001; -0.00; 0.00; 0.00
37168442.518001; -0.00; 0.00; 0.00
37185526.657001; -0.00; 0.00; 0.00
37200669.321000; -0.00; 0.00; 0.00
37219010.096001; -0.00; 0.00; 0.00
37232580.994000; -0.00; 0.00; 0.00
37250224.417000; -0.00; 0.00; 0.00
37264433.059000; -0.00; 0.00; 0.00
37281132.561000; -0.00; 0.00; 0.00
37297564.171000; -0.00; 0.00; 0.00
37312459.590001; -0.00; 0.00; 0.00
37329404.449000; -0.00; 0.00; 0.00
37346270.429001; -0.00; 0.00; 0.00
37360522.530001; -0.00; 0.00; 0.00
37378486.910000; -0.00; 0.00; 0.00
37392418.944000; -0.00; 0.00; 0.00
37409542.025001; -0.00; 0.00; 0.00
37424450.010000; -0.00; 0.00; 0.00
37440529.293000; -0.00; 0.00; 0.00
37457524.101001; -0.00; 0.00; 0.00
37472458.098001; -0.00; 0.00; 0.00
37491516.690000; -0.00; 0.00; 0.00
37505411.268000; -0.00; 0.00; 0.00
37521815.430000; -0.00; 0.00; 0.00
37536426.502001; -0.00; 0.00; 0.00
37552436.179000; -0.00; 0.00; 0.00
37570053.601001; -0.00; 0.00; 0.00
37584448.149000; -0.00; 0.00; 0.00
37601068.816000; -0.00; 0.00; 0.00
37616438.509001; -0.00; 0.00; 0.00
37632431.003000; -0.00; 0.00; 0.00
37649529.554001; -0.00; 0.00; 0.00
37665835.225000; -0.00; 0.00; 0.00
37682077.999001; -0.00; 0.00; 0.00
37696978.727000; -0.00; 0.00; 0.00
37713650.401000; -0.00; 0.00; 0.00
37731072.411000; -0.00; 0.00; 0.00
37745508.542001; -0.00; 0.00; 0.00
37762602.921000; -0.00; 0.00; 0.00
37776847.490001; -0.00; 0.00; 0.00
37792429.759001; -0.00; 0.00; 0.00
37810504.749001; -0.00; 0.00; 0.00
37824464.249001; -0.00; 0.00; 0.00
37840429.582000; -0.00; 0.00; 0.00
37857649.716001; -0.00; 0.00; 0.00
37872414.815001; -0.00; 0.00; 0.00
37888429.847000; -0.00; 0.00; 0.00
37904442.763000; -0.00; 0.00; 0.00
37922076.512001; -0.00; 0.00; 0.00
37936432.482000; -0.00; 0.00; 0.00
37953247.825001; -0.00; 0.00; 0.00
37970601.339001; -0.00; 0.00; 0.00
37984491.469000; -0.00; 0.00; 0.00
38001312.183001; -0.00; 0.00; 0.00
38019213.451001; -0.00; 0.00; 0.00
38032432.839001; -0.00; 0.00; 0.00
38050470.032001; -0.00; 0.00; 0.00
38065003.522000; -0.00; 0.00; 0.00
38081296.456000; -0.00; 0.00; 0.00
38096483.264001; -0.00; 0.00; 0.00
38112439.029000; -0.00; 0.00; 0.00
38130365.880001; -0.00; 0.00; 0.00
38144369.082001; -0.00; 0.00; 0.00
38161441.170000; -0.00; 0.00; 0.00
38176444.529000; -0.00; 0.00; 0.00
38194104.587001; -0.00; 0.00; 0.00
38208635.487999; -0.00; 0.00; 0.00
38224447.484001; -0.00; 0.00; 0.00
38242011.717000; -0.00; 0.00; 0.00
38258692.915000; -0.00; 0.00; 0.00
38272938.764001; -0.00; 0.00; 0.00
38290562.060000; -0.00; 0.00; 0.00
38305527.658002; -0.00; 0.00; 0.00
38320476.637001; -0.00; 0.00; 0.00
38336446.120001; -0.00; 0.00; 0.00
38352435.980000; -0.00; 0.00; 0.00
38369949.482000; -0.00; 0.00; 0.00
38384450.097001; -0.00; 0.00; 0.00
38400445.175000; -0.00; 0.00; 0.00
38418123.801001; -0.00; 0.00; 0.00
38432447.188000; -0.00; 0.00; 0.00
38448376.123000; -0.00; 0.00; 0.00
38464679.167000; -0.00; 0.00; 0.00
38482113.712001; -0.00; 0.00; 0.00
38497188.564001; -0.00; 0.00; 0.00
38512494.341001; -0.00; 0.00; 0.00
38529063.278001; -0.00; 0.00; 0.00
38546676.095000; -0.00; 0.00; 0.00
38560843.267000; -0.00; 0.00; 0.00
38577753.480000; -0.00; 0.00; 0.00
38592452.440001; -0.00; 0.00; 0.00
38608424.351001; -0.00; 0.00; 0.00
38624418.392001; -0.00; 0.00; 0.00
38642255.632000; -0.00; 0.00; 0.00
38657318.723001; -0.00; 0.00; 0.00
38672566.173000; -0.00; 0.00; 0.00
38688449.500000; -0.00; 0.00; 0.00
38704425.124001; -0.00; 0.00; 0.00
38720313.181000; -0.00; 0.00; 0.00
38736435.250001; -0.00; 0.00; 0.00
38754440.818000; -0.00; 0.00; 0.00
38768433.199000; -0.00; 0.00; 0.00
38786230.802000; -0.00; 0.00; 0.00
38800723.138000; -0.00; 0.00; 0.00
38816442.115001; -0.00; 0.00; 0.00
38835061.717001; -0.00; 0.00; 0.00
38849852.079999; -0.00; 0.00; 0.00
38865295.058001; -0.00; 0.00; 0.00
38882098.084000; -0.00; 0.00; 0.00
38896447.264001; -0.00; 0.00; 0.00
38912644.143001; -0.00; 0.00; 0.00
38931633.140000; -0.00; 0.00; 0.00
38947841.769001; -0.00; 0.00; 0.00
38962432.678000; -0.00; 0.00; 0.00
38976619.819000; -0.00; 0.00; 0.00
38993285.132000; -0.00; 0.00; 0.00
39008470.001000; -0.00; 0.00; 0.00
39027138.649000; -0.00; 0.00; 0.00
39040425.714001; -0.00; 0.00; 0.00
39056604.879001; -0.00; 0.00; 0.00
39072626.168000; -0.00; 0.00; 0.00
39088484.701000; -0.00; 0.00; 0.00
39104949.019001; -0.00; 0.00; 0.00
39120427.806001; -0.00; 0.00; 0.00
39136440.107000; -0.00; 0.00; 0.00
39154275.299001; -0.00; 0.00; 0.00
39168373.170000; -0.00; 0.00; 0.00
39184445.109000; -0.00; 0.00; 0.00
39200425.346000; -0.00; 0.00; 0.00
39216414.703001; -0.00; 0.00; 0.00
39235117.373000; -0.00; 0.00; 0.00
39248423.272000; -0.00; 0.00; 0.00
39264492.403000; -0.00; 0.00; 0.00
39282007.245001; -0.00; 0.00; 0.00
39298277.801000; -0.00; 0.00; 0.00
39312446.485001; -0.00; 0.00; 0.00
39329069.668000; -0.00; 0.00; 0.00
39345600.816000; -0.00; 0.00; 0.00
39360436.969000; -0.00; 0.00; 0.00
39377559.142001; -0.00; 0.00; 0.00
39392946.628000; -0.00; 0.00; 0.00
39409973.892000; -0.00; 0.00; 0.00
39424853.078000; -0.00; 0.00; 0.00
39440809.589001; -0.00; 0.00; 0.00
39457999.742001; -0.00; 0.00; 0.00
39472423.802001; -0.00; 0.00; 0.00
39488623.862000; -0.00; 0.00; 0.00
39506047.846000; -0.00; 0.00; 0.00
39520505.221001; -0.00; 0.00; 0.00
39536656.229000; -0.00; 0.00; 0.00
39553177.782001; -0.00; 0.00; 0.00
39568429.130000; -0.00; 0.00; 0.00
39586270.615000; -0.00; 0.00; 0.00
39600896.615001; -0.00; 0.00; 0.00
39618318.672001; -0.00; 0.00; 0.00
39632435.144001; -0.00; 0.00; 0.00
39648425.238001; -0.00; 0.00; 0.00
39665056.105000; -0.00; 0.00; 0.00
39681087.500000; -0.00; 0.00; 0.00
39696694.211000; 0.01; 0.00; 0.00
39713574.667000; 0.02; 0.00; 0.00
39728776.990001; 0.02; 0.00; 0.00
39746267.219001; 0.03; 0.00; 0.00
39760630.868001; 0.04; 0.00; 0.00
39777891.116000; 0.05; 0.00; 0.00
39792404.990001; 0.06; 0.00; 0.00
39810093.228001; 0.06; 0.00; 0.00
39824428.855000; 0.07; 0.00; 0.00
39840441.415000; 0.08; 0.00; 0.00
39857225.901001; 0.09; 0.00; 0.00
39872414.161000; 0.09; 0.00; 0.00
39889659.713000; 0.10; 0.00; 0.00
39904437.403000; 0.11; 0.00; 0.00
39920497.335001; 0.12; 0.00; 0.00
39937560.760000; 0.13; 0.00; 0.00
39952444.358001; 0.14; 0.00; 0.00
39968516.453000; 0.14; 0.00; 0.00
39987241.859000; 0.15; 0.00; 0.00
40002137.588000; 0.16; 0.00; 0.00
40016463.647001; 0.17; 0.00; 0.00
40033906.720000; 0.18; 0.00; 0.00
40048470.713001; 0.18; 0.00; 0.00
40066387.023000; 0.19; 0.00; 0.00
40080534.010000; 0.20; 0.00; 0.00
40097700.470001; 0.21; 0.00; 0.00
40112703.434001; 0.22; 0.00; 0.00
40130431.545001; 0.22; 0.00; 0.00
40144549.703001; 0.23; 0.00; 0.00
40162883.900001; 0.24; 0.00; 0.00
40176602.550000; 0.25; 0.00; 0.00
40192445.834001; 0.26; 0.00; 0.00
40209899.288000; 0.26; 0.00; 0.00
40226662.240000; 0.27; 0.00; 0.00
40240583.329000; 0.28; 0.00; 0.00
40257152.128000; 0.29; 0.00; 0.00
40272442.629001; 0.29; 0.00; 0.00
40289767.481001; 0.30; 0.00; 0.00
40306107.173000; 0.31; 0.00; 0.00
40320424.903001; 0.32; 0.00; 0.00
40338616.571001; 0.33; 0.00; 0.00
40354156.048000; 0.34; 0.00; 0.00
40368793.713000; 0.34; 0.00; 0.00
40385988.802001; 0.35; 0.00; 0.00
40400431.004000; 0.36; 0.00; 0.00
40417241.046000; 0.37; 0.00; 0.00
40433009.038001; 0.38; 0.00; 0.00
40448581.895999; 0.38; 0.00; 0.00
40464549.459001; 0.39; 0.00; 0.00
40480450.753000; 0.40; 0.00; 0.00
40497479.999001; 0.41; 0.00; 0.00
40512446.432000; 0.42; 0.00; 0.00
40528498.318001; 0.42; 0.00; 0.00
40544677.482000; 0.43; 0.00; 0.00
40560405.647000; 0.44; 0.00; 0.00
40577777.371000; 0.45; 0.00; 0.00
40592441.659000; 0.46; 0.00; 0.00
40608427.712001; 0.46; 0.00; 0.00
40624490.920000; 0.47; 0.00; 0.00
40641991.829000; 0.48; 0.00; 0.00
40656440.576000; 0.49; 0.00; 0.00
40674187.350000; 0.50; 0.00; 0.00
40688540.279000; 0.50; 0.00; 0.00
40704761.415000; 0.51; 0.00; 0.00
40722347.789001; 0.52; 0.00; 0.00
40736408.080001; 0.53; 0.00; 0.00
40752411.427000; 0.54; 0.00; 0.00
40768334.253001; 0.54; 0.00; 0.00
40785003.345000; 0.55; 0.00; 0.00
40800478.152000; 0.56; 0.00; 0.00
40816696.953000; 0.57; 0.00; 0.00
40834973.503000; 0.58; 0.00; 0.00
40849675.020000; 0.58; 0.00; 0.00
40864688.174001; 0.59; 0.00; 0.00
40880454.991000; 0.60; 0.00; 0.00
40896464.206000; 0.61; 0.00; 0.00
40914280.280001; 0.62; 0.00; 0.00
40930367.070000; 0.63; 0.00; 0.00
40944905.711000; 0.63; 0.00; 0.00
40963029.408002; 0.64; 0.00; 0.00
40977593.335000; 0.65; 0.00; 0.00
40992329.084001; 0.66; 0.00; 0.00
41009550.249001; 0.66; 0.00; 0.00
41024635.855000; 0.67; 0.00; 0.00
41040478.493001; 0.68; 0.00; 0.00
41056341.766001; 0.69; 0.00; 0.00
41072414.027000; 0.70; 0.00; 0.00
41090296.247000; 0.71; 0.00; 0.00
41106386.268001; 0.71; 0.00; 0.00
41120429.498001; 0.72; 0.00; 0.00
41137702.997001; 0.73; 0.00; 0.00
41152427.023000; 0.74; 0.00; 0.00
41168607.824000; 0.74; 0.00; 0.00
41184589.322001; 0.75; 0.00; 0.00
41201328.035000; 0.76; 0.00; 0.00
41216452.449001; 0.77; 0.00; 0.00
41233597.786000; 0.78; 0.00; 0.00
41250148.766000; 0.79; 0.00; 0.00
41264453.653001; 0.79; 0.00; 0.00
41282287.756001; 0.80; 0.00; 0.00
41296413.956001; 0.81; 0.00; 0.00
41313309.212001; 0.82; 0.00; 0.00
41330039.215000; 0.83; 0.00; 0.00
41344678.153000; 0.83; 0.00; 0.00
41361853.336000; 0.84; 0.00; 0.00
41378202.614000; 0.85; 0.00; 0.00
41394807.293000; 0.86; 0.00; 0.00
41409205.896001; 0.86; 0.00; 0.00
41426848.168000; 0.87; 0.00; 0.00
41440396.369000; 0.88; 0.00; 0.00
41458321.988001; 0.89; 0.00; 0.00
41472650.120000; 0.90; 0.00; 0.00
41488548.000000; 0.90; 0.00; 0.00
41506633.520999; 0.91; 0.00; 0.00
41520436.686001; 0.92; 0.00; 0.00
41537980.749001; 0.93; 0.00; 0.00
41552496.419001; 0.94; 0.00; 0.00
41568605.265000; 0.94; 0.00; 0.00
41587249.781000; 0.95; 0.00; 0.00
41601945.638000; 0.96; 0.00; 0.00
41619384.584001; 0.97; 0.00; 0.00
41632763.542000; 0.98; 0.00; 0.00
41648433.658002; 0.98; 0.00; 0.00
41664455.587001; 0.99; 0.00; 0.00
41680933.144001; 1.00; 0.00; 0.00
41696510.142000; 1.00; 0.00; 0.00
41712440.386001; 1.00; 0.00; 0.00
41730270.343000; 1.00; 0.00; 0.00
41744663.842001; 1.00; 0.00; 0.00
41760930.067000; 1.00; 0.00; 0.00
41778908.687000; 1.00; 0.00; 0.00
41793092.624001; 1.00; 0.00; 0.00
41808411.431001; 1.00; 0.00; 0.00
41824530.448000; 1.00; 0.00; 0.00
41840445.731001; 1.00; 0.00; 0.00
41857776.940001; 1.00; 0.00; 0.00
41872391.804001; 1.00; 0.00; 0.00
41889390.042001; 1.00; 0.00; 0.00
41904432.555000; 1.00; 0.00; 0.00
41920447.253000; 1.00; 0.00; 0.00
41936532.653001; 1.00; 0.00; 0.00
41952478.739000; 1.00; 0.00; 0.00
41968573.680000; 1.00; 0.00; 0.00
41984605.172001; 1.00; 0.00; 0.00
42000558.389001; 1.00; 0.00; 0.00
42018480.917001; 1.00; 0.00; 0.00
42032505.357000; 1.00; 0.00; 0.00
42049927.893001; 1.00; 0.00; 0.00
42064424.632000; 1.00; 0.00; 0.00
42081191.276000; 1.00; 0.00; 0.00
42096535.073000; 1.00; 0.00; 0.00
42112756.583000; 1.00; 0.00; 0.00
42128473.055000; 1.00; 0.00; 0.00
42146482.599002; 1.00; 0.00; 0.00
42160858.186000; 1.00; 0.00; 0.00
42176458.859000; 1.00; 0.00; 0.00
42194638.350000; 1.00; 0.00; 0.00
42209197.033000; 1.00; 0.00; 0.00
42224422.801001; 1.00; 0.00; 0.00
42240478.852001; 1.00; 0.00; 0.00
42256509.216001; 1.00; 0.00; 0.00
42274501.990001; 1.00; 0.00; 0.00
42288420.698000; 1.00; 0.00; 0.00
42304338.214001; 1.00; 0.00; 0.00
42321013.959000; 1.00; 0.00; 0.00
42337993.620001; 1.00; 0.00; 0.00
42354111.450001; 1.00; 0.00; 0.00
42368417.633000; 1.00; 0.00; 0.00
42385086.156000; 1.00; 0.00; 0.00
42400413.039001; 1.00; 0.00; 0.00
42417809.870001; 1.00; 0.00; 0.00
42432544.704000; 1.00; 0.00; 0.00
42449775.208000; 1.00; 0.00; 0.00
42464435.093000; 1.00; 0.00; 0.00
42481925.420000; 1.00; 0.00; 0.00
42497120.823000; 1.00; 0.00; 0.00
42512767.843000; 1.00; 0.00; 0.00
42529325.418000; 1.00; 0.00; 0.00
42546570.580001; 1.00; 0.00; 0.00
42560841.839000; 1.00; 0.00; 0.00
42578196.933000; 1.00; 0.00; 0.00
42592405.327000; 1.00; 0.00; 0.00
42609559.192000; 1.00; 0.00; 0.00
42626588.624001; 1.00; 0.00; 0.00
42640480.884001; 1.00; 0.00; 0.00
42657879.055000; 1.00; 0.00; 0.00
42673711.027000; 1.00; 0.00; 0.00
42689671.010000; 1.00; 0.00; 0.00
42704432.589000; 1.00; 0.00; 0.00
42720432.847001; 1.00; 0.00; 0.00
42737246.290000; 1.00; 0.00; 0.00
42752427.906001; 1.00; 0.00; 0.00
42768440.266001; 1.00; 0.00; 0.00
42786460.959001; 1.00; 0.00; 0.00
42800436.095001; 1.00; 0.00; 0.00
42818038.148001; 1.00; 0.00; 0.00
42834319.533002; 1.00; 0.00; 0.00
42848623.288000; 1.00; 0.00; 0.00
42864457.568000; 1.00; 0.00; 0.00
42880424.184001; 1.00; 0.00; 0.00
42898229.318001; 1.00; 0.00; 0.00
42913523.056001; 1.00; 0.00; 0.00
42928706.649000; 1.00; 0.00; 0.00
42945254.647000; 1.00; 0.00; 0.00
42961376.110001; 1.00; 0.00; 0.00
42976472.150001; 1.00; 0.00; 0.00
42993120.206000; 1.00; 0.00; 0.00
43008429.891001; 1.00; 0.00; 0.00
43024429.079000; 1.00; 0.00; 0.00
43040414.446001; 1.00; 0.00; 0.00
43056448.575000; 1.00; 0.00; 0.00
43072433.900001; 1.00; 0.00; 0.00
43090678.813001; 1.00; 0.00; 0.00
43104467.442000; 1.00; 0.00; 0.00
43121532.819000; 1.00; 0.00; 0.00
43136659.728001; 1.00; 0.00; 0.00
43153830.054001; 1.00; 0.00; 0.00
43168398.407001; 1.00; 0.00; 0.00
43185458.054000; 1.00; 0.00; 0.00
43200439.398001; 1.00; 0.00; 0.00
43217039.077001; 1.00; 0.00; 0.00
43232432.126000; 1.00; 0.00; 0.00
43250903.610000; 1.00; 0.00; 0.00
43264972.666000; 1.00; 0.00; 0.00
43282151.254001; 1.00; 0.00; 0.00
43298946.255000; 1.00; 0.00; 0.00
43312534.711000; 1.00; 0.00; 0.00
43329702.740001; 1.00; 0.00; 0.00
43346652.026001; 1.00; 0.00; 0.00
43360651.547001; 1.00; 0.00; 0.00
43377932.676001; 1.00; 0.00; 0.00
43392411.973000; 1.00; 0.00; 0.00
43409501.649000; 1.00; 0.00; 0.00
43424678.675000; 1.00; 0.00; 0.00
43440438.877001; 1.00; 0.00; 0.00
43458481.930000; 1.00; 0.00; 0.00
43473640.329999; 1.00; 0.00; 0.00
43488433.555000; 1.00; 0.00; 0.00
43504437.614000; 1.00; 0.00; 0.00
43521820.900001; 1.00; 0.00; 0.00
43537038.543000; 1.00; 0.00; 0.00
43552447.884001; 1.00; 0.00; 0.00
43568478.190001; 1.00; 0.00; 0.00
43584491.985001; 1.00; 0.00; 0.00
43602406.959001; 1.00; 0.00; 0.00
43617294.117001; 1.00; 0.00; 0.00
43632962.083000; 1.00; 0.00; 0.00
43648416.940001; 1.00; 0.00; 0.00
43667852.374001; 1.00; 0.00; 0.00
43680583.274000; 1.00; 0.00; 0.00
43698196.530000; 1.00; 0.00; 0.00
43713815.560000; 1.00; 0.00; 0.00
43730732.052000; 1.00; 0.00; 0.00
43745855.841001; 1.00; 0.00; 0.00
43762142.597000; 1.00; 0.00; 0.00
43776425.899000; 1.00; 0.00; 0.00
43795257.173000; 1.00; 0.00; 0.00
43808612.698000; 1.00; 0.00; 0.00
43827638.432001; 1.00; 0.00; 0.00
43842213.676000; 1.00; 0.00; 0.00
43856413.061000; 1.00; 0.00; 0.00
43872438.441002; 1.00; 0.00; 0.00
43889590.969000; 1.00; 0.00; 0.00
43904434.428000; 1.00; 0.00; 0.00
43920446.249001; 1.00; 0.00; 0.00
43936419.341001; 1.00; 0.00; 0.00
43952433.848001; 1.00; 0.00; 0.00
43970226.577001; 1.00; 0.00; 0.00
43985573.788001; 1.00; 0.00; 0.00
44000944.177001; 1.00; 0.00; 0.00
44017015.220001; 1.00; 0.00; 0.00
44035533.236000; 1.00; 0.00; 0.00
44049906.084001; 1.00; 0.00; 0.00
44067816.972000; 1.00; 0.00; 0.00
44080807.327000; 1.00; 0.00; 0.00
44096476.620001; 1.00; 0.00; 0.00
44113637.986001; 1.00; 0.00; 0.00
44131244.512000; 1.00; 0.00; 0.00
44144604.124001; 1.00; 0.00; 0.00
44160713.113001; 1.00; 0.00; 0.00
44177688.436001; 1.00; 0.00; 0.00
44192680.526000; 1.00; 0.00; 0.00
44209590.079000; 1.00; 0.00; 0.00
44225772.399000; 1.00; 0.00; 0.00
44242464.547001; 1.00; 0.00; 0.00
44257305.487000; 1.00; 0.00; 0.00
44272419.848000; 1.00; 0.00; 0.00
44289590.518001; 1.00; 0.00; 0.00
44305523.406000; 1.00; 0.00; 0.00
44321629.844000; 1.00; 0.00; 0.00
44336427.521001; 1.00; 0.00; 0.00
44352450.919001; 1.00; 0.00; 0.00
44368436.782001; 1.00; 0.00; 0.00
44384390.647000; 1.00; 0.00; 0.00
44401709.313001; 1.00; 0.00; 0.00
44416426.055000; 1.00; 0.00; 0.00
44432409.712001; 1.00; 0.00; 0.00
44451129.529000; 1.00; 0.00; 0.00
44465450.634000; 1.00; 0.00; 0.00
44480436.391001; 1.00; 0.00; 0.00
44499752.657001; 1.00; 0.00; 0.00
44513603.069000; 1.00; 0.00; 0.00
44531181.302001; 1.00; 0.00; 0.00
44544401.608000; 1.00; 0.00; 0.00
44562203.187000; 1.00; 0.00; 0.00
44576420.068001; 1.00; 0.00; 0.00
44595123.637000; 1.00; 0.00; 0.00
44608430.586000; 1.00; 0.00; 0.00
44624518.413000; 1.00; 0.00; 0.00
44641147.875001; 1.00; 0.00; 0.00
44656565.701000; 1.00; 0.00; 0.00
44672497.003000; 1.00; 0.00; 0.00
44689339.887001; 1.00; 0.00; 0.00
44704899.437000; 1.00; 0.00; 0.00
44722302.032001; 1.00; 0.00; 0.00
44736610.077001; 1.00; 0.00; 0.00
44752438.705001; 1.00; 0.00; 0.00
44771037.657001; 1.00; 0.00; 0.00
44786233.178000; 1.00; 0.00; 0.00
44801771.764001; 1.00; 0.00; 0.00
44818236.505001; 1.00; 0.00; 0.00
44833505.009000; 1.00; 0.00; 0.00
44848459.287000; 1.00; 0.00; 0.00
44865414.116000; 1.00; 0.00; 0.00
44883873.483001; 1.00; 0.00; 0.00
44897144.437001; 1.00; 0.00; 0.00
44914037.889001; 1.00; 0.00; 0.00
44928376.505000; 1.00; 0.00; 0.00
44944494.333000; 1.00; 0.00; 0.00
44961752.722001; 1.00; 0.00; 0.00
44977192.473001; 1.00; 0.00; 0.00
44992331.425000; 1.00; 0.00; 0.00
45009536.205001; 1.00; 0.00; 0.00
