t; x; y; theta
2800842.029001; 0.00; 0.00; 0.00
2818445.703001; 0.00; 0.00; 0.00
2832469.993000; 0.00; 0.00; 0.00
2850143.105999; 0.00; 0.00; 0.00
2864466.205000; 0.00; 0.00; 0.00
2881402.785000; 0.00; 0.00; 0.00
2898092.225000; 0.00; 0.00; 0.00
2912487.764999; 0.00; 0.00; 0.00
2929778.789001; 0.00; 0.00; 0.00
2944476.434999; 0.00; 0.00; 0.00
2960468.379000; 0.00; 0.00; 0.00
2976659.048000; 0.00; 0.00; 0.00
2992447.316000; 0.00; 0.00; 0.00
3008881.707001; 0.00; 0.00; 0.00
3026344.403999; 0.00; 0.00; 0.00
3040517.052000; 0.00; 0.00; 0.00
3058477.206999; 0.00; 0.00; 0.00
3072633.580002; 0.00; 0.00; 0.00
3088898.131001; 0.00; 0.00; 0.00
3104474.611000; 0.00; 0.00; 0.00
3122570.671999; 0.00; 0.00; 0.00
3136728.760000; 0.00; 0.00; 0.00
3152473.291000; 0.00; 0.00; 0.00
3169569.182001; 0.00; 0.00; 0.00
3184482.638000; 0.00; 0.00; 0.00
3201691.345001; 0.00; 0.00; 0.00
3216568.264000; 0.00; 0.00; 0.00
3233336.166000; 0.00; 0.00; 0.00
3248496.580000; 0.00; 0.00; 0.00
3265673.129999; 0.00; 0.00; 0.00
3281666.704000; 0.00; 0.00; 0.00
3296580.559000; 0.00; 0.00; 0.00
3313997.284000; 0.00; 0.00; 0.00
3328463.198000; 0.00; 0.00; 0.00
3346553.064001; 0.00; 0.00; 0.00
3360844.940001; 0.00; 0.00; 0.00
3377173.631001; 0.00; 0.00; 0.00
3392488.976000; 0.00; 0.00; 0.00
3408508.743000; 0.00; 0.00; 0.00
3425554.917000; 0.00; 0.00; 0.00
3442144.867001; 0.00; 0.00; 0.00
3456615.736000; 0.00; 0.00; 0.00
3475339.877001; 0.00; 0.00; 0.00
3489867.747999; 0.00; 0.00; 0.00
3504652.197001; 0.00; 0.00; 0.00
3522571.558001; 0.00; 0.00; 0.00
3537311.230000; 0.00; 0.00; 0.00
3553048.460001; 0.00; 0.00; 0.00
3569894.083000; 0.00; 0.00; 0.00
3584470.189001; 0.00; 0.00; 0.00
3602479.261002; 0.00; 0.00; 0.00
3616489.420000; 0.00; 0.00; 0.00
3632483.822001; 0.00; 0.00; 0.00
3650535.598999; 0.00; 0.00; 0.00
3664589.930000; 0.00; 0.00; 0.00
3680739.720999; 0.00; 0.00; 0.00
3696656.007999; 0.00; 0.00; 0.00
3712485.366001; 0.00; 0.00; 0.00
3729226.434000; 0.00; 0.00; 0.00
3745122.800999; 0.00; 0.00; 0.00
3760600.305000; 0.00; 0.00; 0.00
3776542.444000; 0.00; 0.00; 0.00
3792558.915001; 0.00; 0.00; 0.00
3810756.264000; 0.00; 0.00; 0.00
3825370.348000; 0.00; 0.00; 0.00
3840711.111002; 0.00; 0.00; 0.00
3858284.547001; 0.00; 0.00; 0.00
3872657.199999; 0.00; 0.00; 0.00
3890039.095001; 0.00; 0.00; 0.00
3905026.930000; 0.00; 0.00; 0.00
3920843.084999; 0.00; 0.00; 0.00
3936508.373999; 0.00; 0.00; 0.00
3952486.526001; 0.00; 0.00; 0.00
3970262.065001; 0.00; 0.00; 0.00
3985094.622000; 0.00; 0.00; 0.00
4001108.805000; 0.00; 0.00; 0.00
4016937.761000; 0.00; 0.00; 0.00
4034504.318001; 0.00; 0.00; 0.00
4048567.694000; 0.00; 0.00; 0.00
4065746.274000; 0.00; 0.00; 0.00
4080471.682001; 0.00; 0.00; 0.00
4098650.006001; 0.00; 0.00; 0.00
4113572.802000; 0.00; 0.00; 0.00
4128483.644001; 0.00; 0.00; 0.00
4145615.761999; 0.00; 0.00; 0.00
4163181.663000; 0.00; 0.00; 0.00
4176811.613001; 0.00; 0.00; 0.00
4194531.615999; 0.00; 0.00; 0.00
4208490.408001; 0.00; 0.00; 0.00
4224731.676001; 0.00; 0.00; 0.00
4242313.014000; 0.00; 0.00; 0.00
4257363.470001; 0.00; 0.00; 0.00
4273764.761999; 0.00; 0.00; 0.00
4289014.065001; 0.00; 0.00; 0.00
4305955.813999; 0.00; 0.00; 0.00
4321179.745001; 0.00; 0.00; 0.00
4336533.362001; 0.00; 0.00; 0.00
4353499.651999; 0.00; 0.00; 0.00
4368767.650999; 0.00; 0.00; 0.00
4384606.338001; 0.00; 0.00; 0.00
4402576.617001; 0.00; 0.00; 0.00
4416516.645000; 0.00; 0.00; 0.00
4433662.438000; 0.00; 0.00; 0.00
4450207.930000; 0.00; 0.00; 0.00
4464764.355000; 0.00; 0.00; 0.00
4480468.028000; 0.00; 0.00; 0.00
4496454.511000; 0.00; 0.00; 0.00
4513425.577002; 0.00; 0.00; 0.00
4529898.818001; 0.00; 0.00; 0.00
4544561.382000; 0.00; 0.00; 0.00
4560457.941000; 0.00; 0.00; 0.00
4577533.971001; 0.00; 0.00; 0.00
4592486.379000; 0.00; 0.00; 0.00
4610652.611000; 0.00; 0.00; 0.00
4624558.712999; 0.00; 0.00; 0.00
4640552.839001; 0.00; 0.00; 0.00
4657593.416000; 0.00; 0.00; 0.00
4674858.110001; 0.00; 0.00; 0.00
4690744.707001; 0.00; 0.00; 0.00
4705399.267000; 0.00; 0.00; 0.00
4720457.688999; 0.00; 0.00; 0.00
4737574.612000; 0.00; 0.00; 0.00
4752557.868000; 0.00; 0.00; 0.00
4768454.842001; 0.00; 0.00; 0.00
4786402.150999; 0.00; 0.00; 0.00
4802475.844999; 0.00; 0.00; 0.00
4816352.494001; 0.00; 0.00; 0.00
4832963.502001; 0.00; 0.00; 0.00
4850127.588001; 0.00; 0.00; 0.00
4864475.170000; 0.00; 0.00; 0.00
4882441.621000; 0.00; 0.00; 0.00
4898361.292000; 0.00; 0.00; 0.00
4912509.821999; 0.00; 0.00; 0.00
4928468.917000; 0.00; 0.00; 0.00
4945330.704000; 0.00; 0.00; 0.00
4960483.656000; 0.00; 0.00; 0.00
4977356.325001; 0.00; 0.00; 0.00
4994700.046000; 0.00; 0.00; 0.00
5008489.808001; 0.00; 0.00; 0.00
5026013.585001; 0.00; 0.00; 0.00
5040476.919001; 0.00; 0.00; 0.00
5056506.645000; 0.00; 0.00; 0.00
5074011.574999; 0.00; 0.00; 0.00
5088803.687000; 0.00; 0.00; 0.00
5106627.698000; 0.00; 0.00; 0.00
5120540.219002; 0.00; 0.00; 0.00
5136473.924000; 0.00; 0.00; 0.00
5152482.240000; 0.00; 0.00; 0.00
5168606.130999; 0.00; 0.00; 0.00
5184438.223999; 0.00; 0.00; 0.00
5201202.864000; 0.00; 0.00; 0.00
5218527.307001; 0.00; 0.00; 0.00
5233212.164000; 0.00; 0.00; 0.00
5248640.428001; 0.00; 0.00; 0.00
5266097.131001; 0.00; 0.00; 0.00
5283237.226000; 0.00; 0.00; 0.00
5297298.212002; 0.00; 0.00; 0.00
5313790.870001; 0.00; 0.00; 0.00
5328449.094000; 0.00; 0.00; 0.00
5345096.540998; 0.00; 0.00; 0.00
5360772.945999; 0.00; 0.00; 0.00
5378016.532000; 0.00; 0.00; 0.00
5392484.302000; 0.00; 0.00; 0.00
5408567.340000; 0.00; 0.00; 0.00
5424470.198999; 0.00; 0.00; 0.00
5441424.052000; 0.00; 0.00; 0.00
5456546.108000; 0.00; 0.00; 0.00
5473659.789001; 0.00; 0.00; 0.00
5490761.730000; 0.00; 0.00; 0.00
5504839.635000; 0.00; 0.00; 0.00
5522147.598000; 0.00; 0.00; 0.00
5536472.986000; 0.00; 0.00; 0.00
5552526.669001; 0.00; 0.00; 0.00
5570514.362000; 0.00; 0.00; 0.00
5585484.087999; 0.00; 0.00; 0.00
5602283.559000; 0.00; 0.00; 0.00
5616424.861000; 0.00; 0.00; 0.00
5633113.018002; 0.00; 0.00; 0.00
5650218.743000; 0.00; 0.00; 0.00
5664366.903000; 0.00; 0.00; 0.00
5680649.698999; 0.00; 0.00; 0.00
5697110.957001; 0.00; 0.00; 0.00
5713882.362001; 0.00; 0.00; 0.00
5731061.603001; 0.00; 0.00; 0.00
5744603.781000; 0.00; 0.00; 0.00
5762295.632000; 0.00; 0.00; 0.00
5776595.415001; 0.00; 0.00; 0.00
5792750.692001; 0.00; 0.00; 0.00
5809695.678999; 0.00; 0.00; 0.00
5826027.948000; 0.00; 0.00; 0.00
5840470.192001; 0.00; 0.00; 0.00
5858539.336000; 0.00; 0.00; 0.00
5872477.721001; 0.00; 0.00; 0.00
5888721.132999; 0.00; 0.00; 0.00
5904931.681000; 0.00; 0.00; 0.00
5921672.577000; 0.00; 0.00; 0.00
5936707.362000; 0.00; 0.00; 0.00
5954397.000999; 0.00; 0.00; 0.00
5970378.083000; 0.00; 0.00; 0.00
5986108.664999; 0.00; 0.00; 0.00
6002610.372999; 0.00; 0.00; 0.00
6017612.256001; 0.00; 0.00; 0.00
6032560.113001; 0.00; 0.00; 0.00
6050083.935001; 0.00; 0.00; 0.00
6064467.847000; 0.00; 0.00; 0.00
6082597.959002; 0.00; 0.00; 0.00
6096497.204000; 0.00; 0.00; 0.00
6112517.270000; 0.00; 0.00; 0.00
6129787.591000; 0.00; 0.00; 0.00
6144467.780001; 0.00; 0.00; 0.00
6160459.013000; 0.00; 0.00; 0.00
6177321.190001; 0.00; 0.00; 0.00
6193580.164000; 0.00; 0.00; 0.00
6209290.034000; 0.00; 0.00; 0.00
6224457.004000; 0.00; 0.00; 0.00
6242172.108999; 0.00; 0.00; 0.00
6256927.138000; 0.00; 0.00; 0.00
6274381.776001; 0.00; 0.00; 0.00
6288486.716000; 0.00; 0.00; 0.00
6305863.370001; 0.00; 0.00; 0.00
6320472.955000; 0.00; 0.00; 0.00
6336475.587000; 0.00; 0.00; 0.00
6352638.420000; 0.00; 0.00; 0.00
6368455.171000; 0.00; 0.00; 0.00
6385539.660999; 0.00; 0.00; 0.00
6401646.559000; 0.00; 0.00; 0.00
6416500.118000; 0.00; 0.00; 0.00
6433672.348000; 0.00; 0.00; 0.00
6450564.139000; 0.00; 0.00; 0.00
6464884.226999; 0.00; 0.00; 0.00
6480476.973000; 0.00; 0.00; 0.00
6497564.923000; 0.00; 0.00; 0.00
6512448.372000; 0.00; 0.00; 0.00
6530143.417000; 0.00; 0.00; 0.00
6544452.561001; 0.00; 0.00; 0.00
6562106.104000; 0.00; 0.00; 0.00
6576577.197001; 0.00; 0.00; 0.00
6592465.055000; 0.00; 0.00; 0.00
6609546.091000; 0.00; 0.00; 0.00
6624407.153000; 0.00; 0.00; 0.00
6641617.253000; 0.00; 0.00; 0.00
6656559.303001; 0.00; 0.00; 0.00
6674393.388000; 0.00; 0.00; 0.00
6688732.330999; 0.00; 0.00; 0.00
6706355.601000; 0.00; 0.00; 0.00
6720467.247000; 0.00; 0.00; 0.00
6736655.906000; 0.00; 0.00; 0.00
6752844.754002; 0.00; 0.00; 0.00
6771308.665001; 0.00; 0.00; 0.00
6784863.130001; 0.00; 0.00; 0.00
6802444.629000; 0.00; 0.00; 0.00
6817109.689001; 0.00; 0.00; 0.00
6832488.674000; 0.00; 0.00; 0.00
6850078.679001; 0.00; 0.00; 0.00
6865444.954000; 0.00; 0.00; 0.00
6880745.627998; 0.00; 0.00; 0.00
6898439.734999; 0.00; 0.00; 0.00
6912492.338001; 0.00; 0.00; 0.00
6928824.601000; 0.00; 0.00; 0.00
6945948.007000; 0.00; 0.00; 0.00
6960569.132000; 0.00; 0.00; 0.00
6976464.934999; 0.00; 0.00; 0.00
6992471.333000; 0.00; 0.00; 0.00
7010382.191000; 0.00; 0.00; 0.00
7024475.599998; 0.00; 0.00; 0.00
7041685.747999; 0.00; 0.00; 0.00
7056487.468000; 0.00; 0.00; 0.00
7075334.613001; 0.00; 0.00; 0.00
7089262.584999; 0.00; 0.00; 0.00
7104354.610001; 0.00; 0.00; 0.00
7122531.076000; 0.00; 0.00; 0.00
7136454.081999; 0.00; 0.00; 0.00
7154660.791000; 0.00; 0.00; 0.00
7168488.881001; 0.00; 0.00; 0.00
7185963.522001; 0.00; 0.00; 0.00
7200955.263000; 0.00; 0.00; 0.00
7218006.034000; 0.00; 0.00; 0.00
7232484.379999; 0.00; 0.00; 0.00
7249841.752001; 0.00; 0.00; 0.00
7264576.278999; 0.00; 0.00; 0.00
7282330.494999; 0.00; 0.00; 0.00
7296907.492001; 0.00; 0.00; 0.00
7313033.785000; 0.00; 0.00; 0.00
7330441.799000; 0.00; 0.00; 0.00
7346177.992001; 0.00; 0.00; 0.00
7360489.803001; 0.00; 0.00; 0.00
7378495.958000; 0.00; 0.00; 0.00
7392479.392000; 0.00; 0.00; 0.00
7409581.393000; 0.00; 0.00; 0.00
7424572.839001; 0.00; 0.00; 0.00
7442433.897001; 0.00; 0.00; 0.00
7456546.823000; 0.00; 0.00; 0.00
7474085.022001; 0.00; 0.00; 0.00
7490389.899000; 0.00; 0.00; 0.00
7504616.473999; 0.00; 0.00; 0.00
7522114.855999; 0.00; 0.00; 0.00
7536456.601999; 0.00; 0.00; 0.00
7554581.020000; 0.00; 0.00; 0.00
7568532.415001; 0.00; 0.00; 0.00
7586876.998001; 0.00; 0.00; 0.00
7601570.014999; 0.00; 0.00; 0.00
7616818.837999; 0.00; 0.00; 0.00
7632473.761000; 0.00; 0.00; 0.00
7649845.094000; 0.00; 0.00; 0.00
7664589.490000; 0.00; 0.00; 0.00
7680540.400999; 0.00; 0.00; 0.00
7696702.969000; 0.00; 0.00; 0.00
7712392.387001; 0.00; 0.00; 0.00
7728489.138000; 0.00; 0.00; 0.00
7744843.373999; 0.00; 0.00; 0.00
7760845.823000; 0.00; 0.00; 0.00
7776490.882999; 0.00; 0.00; 0.00
7792367.146999; 0.00; 0.00; 0.00
7810134.607000; 0.00; 0.00; 0.00
7824570.362000; 0.00; 0.00; 0.00
7842187.657999; 0.00; 0.00; 0.00
7856486.483000; 0.00; 0.00; 0.00
7874082.439999; 0.00; 0.00; 0.00
7888871.250999; 0.00; 0.00; 0.00
7904470.184999; 0.00; 0.00; 0.00
7921874.351002; 0.00; 0.00; 0.00
7938457.973000; 0.00; 0.00; 0.00
7952442.599001; 0.00; 0.00; 0.00
7968476.315001; 0.00; 0.00; 0.00
7986696.261999; 0.00; 0.00; 0.00
8001498.404999; 0.00; 0.00; 0.00
8016481.742001; 0.00; 0.00; 0.00
8034085.896999; 0.00; 0.00; 0.00
8048451.230999; 0.00; 0.00; 0.00
8064690.124001; 0.00; 0.00; 0.00
8082381.108002; 0.00; 0.00; 0.00
8096498.598001; 0.00; 0.00; 0.00
8114273.423000; 0.00; 0.00; 0.00
8128470.506001; 0.00; 0.00; 0.00
8145779.218000; 0.00; 0.00; 0.00
8160459.095999; 0.00; 0.00; 0.00
8178280.618000; 0.00; 0.00; 0.00
8193857.651001; 0.00; 0.00; 0.00
8208502.000000; 0.00; 0.00; 0.00
8225579.727999; 0.00; 0.00; 0.00
8240494.812000; 0.00; 0.00; 0.00
8257570.906000; 0.00; 0.00; 0.00
8274811.109001; 0.00; 0.00; 0.00
8290584.201000; 0.00; 0.00; 0.00
8305076.389000; 0.00; 0.00; 0.00
8320447.927000; 0.00; 0.00; 0.00
8338452.971001; 0.00; 0.00; 0.00
8352524.898001; 0.00; 0.00; 0.00
8370410.338001; 0.00; 0.00; 0.00
8384809.351000; 0.00; 0.00; 0.00
8402392.697001; 0.00; 0.00; 0.00
8418519.615999; 0.00; 0.00; 0.00
8432905.600000; 0.00; 0.00; 0.00
8448961.945000; 0.00; 0.00; 0.00
8466424.151001; 0.00; 0.00; 0.00
8481002.146000; 0.00; 0.00; 0.00
8497693.948000; 0.00; 0.00; 0.00
8512461.132000; 0.00; 0.00; 0.00
8530162.044001; 0.00; 0.00; 0.00
8544865.289999; 0.00; 0.00; 0.00
8560843.504999; 0.00; 0.00; 0.00
8583543.850000; 0.00; 0.00; 0.00
8593619.748001; 0.00; 0.00; 0.00
8608508.265001; 0.00; 0.00; 0.00
8625488.231001; 0.00; 0.00; 0.00
8640468.613001; 0.00; 0.00; 0.00
8656478.607000; 0.00; 0.00; 0.00
8673843.549999; 0.00; 0.00; 0.00
8688536.048000; 0.00; 0.00; 0.00
8705890.285000; 0.00; 0.00; 0.00
8720704.487000; 0.00; 0.00; 0.00
8736467.181000; 0.00; 0.00; 0.00
8752468.709999; 0.00; 0.00; 0.00
8768551.940001; 0.00; 0.00; 0.00
8784472.975000; 0.00; 0.00; 0.00
8802258.868000; 0.00; 0.00; 0.00
8816539.671000; 0.00; 0.00; 0.00
8832867.598999; 0.00; 0.00; 0.00
8849533.213001; 0.00; 0.00; 0.00
8864467.220001; 0.00; 0.00; 0.00
8882291.182001; 0.00; 0.00; 0.00
8896459.601002; 0.00; 0.00; 0.00
8914068.028000; 0.00; 0.00; 0.00
8928794.361000; 0.00; 0.00; 0.00
8944454.512001; 0.00; 0.00; 0.00
8961544.756001; 0.00; 0.00; 0.00
8978269.353001; 0.00; 0.00; 0.00
8992799.137001; 0.00; 0.00; 0.00
9009993.719000; 0.00; 0.00; 0.00
9024830.277000; 0.00; 0.00; 0.00
9042438.100000; 0.00; 0.00; 0.00
9056477.923000; 0.00; 0.00; 0.00
9074760.592999; 0.00; 0.00; 0.00
9088930.882999; 0.00; 0.00; 0.00
9104847.339001; 0.00; 0.00; 0.00
9120435.775999; 0.00; 0.00; 0.00
9136455.911001; 0.00; 0.00; 0.00
9153692.980001; 0.00; 0.00; 0.00
9168593.808001; 0.00; 0.00; 0.00
9184632.767000; 0.00; 0.00; 0.00
9201688.346001; 0.00; 0.00; 0.00
9216499.194000; 0.00; 0.00; 0.00
9232618.771000; 0.00; 0.00; 0.00
9249556.735001; 0.00; 0.00; 0.00
9265941.999001; 0.00; 0.00; 0.00
9280462.773001; 0.00; 0.00; 0.00
9297794.129999; 0.00; 0.00; 0.00
9315018.712002; 0.00; 0.00; 0.00
9329345.606001; 0.00; 0.00; 0.00
9346049.836000; 0.00; 0.00; 0.00
9361870.739000; 0.00; 0.00; 0.00
9376733.900999; 0.00; 0.00; 0.00
9393369.902000; 0.00; 0.00; 0.00
9410353.618999; 0.00; 0.00; 0.00
9424474.007000; 0.00; 0.00; 0.00
9440514.811001; 0.00; 0.00; 0.00
9457602.808001; 0.00; 0.00; 0.00
9474623.926001; 0.00; 0.00; 0.00
9488698.313000; 0.00; 0.00; 0.00
9506176.025002; 0.00; 0.00; 0.00
9520471.760000; 0.00; 0.00; 0.00
9536467.723999; 0.00; 0.00; 0.00
9553426.980001; 0.00; 0.00; 0.00
9568369.886000; 0.00; 0.00; 0.00
9584480.368999; 0.00; 0.00; 0.00
9601191.646999; 0.00; 0.00; 0.00
9618747.770000; 0.00; 0.00; 0.00
9634509.247000; 0.00; 0.00; 0.00
9648445.686001; 0.00; 0.00; 0.00
9665633.298000; 0.00; 0.00; 0.00
9680487.263000; 0.00; 0.00; 0.00
9696467.735001; 0.00; 0.00; 0.00
9714396.269999; 0.00; 0.00; 0.00
9728456.185999; 0.00; 0.00; 0.00
9745709.961000; 0.00; 0.00; 0.00
9760478.915001; 0.00; 0.00; 0.00
9776914.688000; 0.00; 0.00; 0.00
9792652.191000; 0.00; 0.00; 0.00
9808462.632999; 0.00; 0.00; 0.00
9828066.254000; 0.00; 0.00; 0.00
9841606.215000; 0.00; 0.00; 0.00
9857285.120001; 0.00; 0.00; 0.00
9873343.163000; 0.00; 0.00; 0.00
9890523.031000; 0.00; 0.00; 0.00
9904883.819000; 0.00; 0.00; 0.00
9920495.510000; 0.00; 0.00; 0.00
9938289.948000; 0.00; 0.00; 0.00
9952545.406000; 0.00; 0.00; 0.00
9970480.565001; 0.00; 0.00; 0.00
9984867.018000; 0.00; 0.00; 0.00
10000487.442999; 0.00; 0.00; 0.00
10017576.143000; 0.00; 0.00; 0.00
10032615.537001; 0.00; 0.00; 0.00
10048476.691999; 0.00; 0.00; 0.00
10065670.215000; 0.00; 0.00; 0.00
10080473.694000; 0.00; 0.00; 0.00
10096534.827000; 0.00; 0.00; 0.00
10113576.424002; 0.00; 0.00; 0.00
10128485.230000; 0.00; 0.00; 0.00
10146007.379000; 0.00; 0.00; 0.00
10160521.178999; 0.00; 0.00; 0.00
10176582.445999; 0.00; 0.00; 0.00
10194355.092001; 0.00; 0.00; 0.00
10208490.327002; 0.00; 0.00; 0.00
10224504.170000; 0.00; 0.00; 0.00
10240488.438000; 0.00; 0.00; 0.00
10256497.533998; 0.00; 0.00; 0.00
10273790.858000; 0.00; 0.00; 0.00
10288856.199001; 0.00; 0.00; 0.00
10305448.470001; 0.00; 0.00; 0.00
10320566.886999; 0.00; 0.00; 0.00
10337084.816000; 0.00; 0.00; 0.00
10353050.872000; 0.00; 0.00; 0.00
10368537.563000; 0.00; 0.00; 0.00
10384501.264000; 0.00; 0.00; 0.00
10402083.639002; 0.00; 0.00; 0.00
10417464.452999; 0.00; 0.00; 0.00
10438553.755999; 0.00; 0.00; 0.00
10448464.225000; 0.00; 0.00; 0.00
10465571.953001; 0.00; 0.00; 0.00
10482338.003000; 0.00; 0.00; 0.00
10496469.780001; 0.00; 0.00; 0.00
10513742.412001; 0.00; 0.00; 0.00
10528543.001999; 0.00; 0.00; 0.00
10546030.882000; 0.00; 0.00; 0.00
10560545.595001; 0.00; 0.00; 0.00
10582319.748001; 0.00; 0.00; 0.00
10593104.663000; 0.00; 0.00; 0.00
10609768.027000; 0.00; 0.00; 0.00
10624701.130001; 0.00; 0.00; 0.00
10640472.098001; 0.00; 0.00; 0.00
10657862.731001; 0.00; 0.00; 0.00
10672972.151001; 0.00; 0.00; 0.00
10689832.997999; 0.00; 0.00; 0.00
10704588.343000; 0.00; 0.00; 0.00
10720470.415001; 0.00; 0.00; 0.00
10738402.598001; 0.00; 0.00; 0.00
10753206.664000; 0.00; 0.00; 0.00
10768449.525000; 0.00; 0.00; 0.00
10784616.188999; 0.00; 0.00; 0.00
10801568.036001; 0.00; 0.00; 0.00
10819063.876999; 0.00; 0.00; 0.00
10832533.884001; 0.00; 0.00; 0.00
10848566.042000; 0.00; 0.00; 0.00
10866857.098999; 0.00; 0.00; 0.00
10880514.086000; 0.00; 0.00; 0.00
10896471.828001; 0.00; 0.00; 0.00
10912401.173000; 0.00; 0.00; 0.00
10928657.143000; 0.00; 0.00; 0.00
10946516.486000; 0.00; 0.00; 0.00
10960823.319000; 0.00; 0.00; 0.00
10976464.919001; 0.00; 0.00; 0.00
10993994.328001; 0.00; 0.00; 0.00
11008480.918999; 0.00; 0.00; 0.00
11024939.203001; 0.00; 0.00; 0.00
11042220.194000; 0.00; 0.00; 0.00
11056485.150000; 0.00; 0.00; 0.00
11074849.925001; 0.00; 0.00; 0.00
11088928.351000; 0.00; 0.00; 0.00
11106415.894999; 0.00; 0.00; 0.00
11121844.137001; 0.00; 0.00; 0.00
11136483.159000; 0.00; 0.00; 0.00
11152352.855001; 0.00; 0.00; 0.00
11170734.085001; 0.00; 0.00; 0.00
11184432.943001; 0.00; 0.00; 0.00
11201591.282999; 0.00; 0.00; 0.00
11216462.600000; 0.00; 0.00; 0.00
11233545.773001; 0.00; 0.00; 0.00
11249269.513000; 0.00; 0.00; 0.00
11264476.214001; 0.00; 0.00; 0.00
11281879.445000; 0.00; 0.00; 0.00
11296466.959000; 0.00; 0.00; 0.00
11312563.475000; 0.00; 0.00; 0.00
11328563.750999; 0.00; 0.00; 0.00
11346475.987000; 0.00; 0.00; 0.00
11360478.535000; 0.00; 0.00; 0.00
11376463.938002; 0.00; 0.00; 0.00
11394145.222000; 0.00; 0.00; 0.00
11408818.432001; 0.00; 0.00; 0.00
11425798.927999; 0.00; 0.00; 0.00
11440497.282999; 0.00; 0.00; 0.00
11457700.426001; 0.00; 0.00; 0.00
11474312.747999; 0.00; 0.00; 0.00
11488546.563000; 0.00; 0.00; 0.00
11504732.715000; 0.00; 0.00; 0.00
11522501.789001; 0.00; 0.00; 0.00
11536467.627001; 0.00; 0.00; 0.00
11554655.320000; 0.00; 0.00; 0.00
11568844.564001; 0.00; 0.00; 0.00
11586576.678001; 0.00; 0.00; 0.00
11602017.813000; 0.00; 0.00; 0.00
11616489.482000; 0.00; 0.00; 0.00
11633802.061001; 0.00; 0.00; 0.00
11649948.538000; 0.00; 0.00; 0.00
11664694.008001; 0.00; 0.00; 0.00
11681698.802000; 0.00; 0.00; 0.00
11698023.820999; 0.00; 0.00; 0.00
11727490.253000; 0.00; 0.00; 0.00
11730755.816999; 0.00; 0.00; 0.00
11744478.807001; 0.00; 0.00; 0.00
11761315.184000; 0.00; 0.00; 0.00
11776486.720001; 0.00; 0.00; 0.00
11794390.441000; 0.00; 0.00; 0.00
11809724.962000; 0.00; 0.00; 0.00
11824482.874001; 0.00; 0.00; 0.00
11840569.077000; 0.00; 0.00; 0.00
11856473.296000; 0.00; 0.00; 0.00
11873685.507000; 0.00; 0.00; 0.00
11888523.940001; 0.00; 0.00; 0.00
11905558.422001; 0.00; 0.00; 0.00
11920486.315001; 0.00; 0.00; 0.00
11936466.740000; 0.00; 0.00; 0.00
11953627.532001; 0.00; 0.00; 0.00
11968889.104000; 0.00; 0.00; 0.00
11984491.282999; 0.00; 0.00; 0.00
12001832.153000; 0.00; 0.00; 0.00
12016500.363001; 0.00; 0.00; 0.00
12033006.610001; 0.00; 0.00; 0.00
12050039.596001; 0.00; 0.00; 0.00
12064420.117001; 0.00; 0.00; 0.00
12082007.028000; 0.00; 0.00; 0.00
12096497.033001; 0.00; 0.00; 0.00
12112494.743000; 0.00; 0.00; 0.00
12128783.111000; 0.00; 0.00; 0.00
12145688.290001; 0.00; 0.00; 0.00
12160454.966999; 0.00; 0.00; 0.00
12177723.055000; 0.00; 0.00; 0.00
12192475.861000; 0.00; 0.00; 0.00
12209689.091000; 0.00; 0.00; 0.00
12225706.666000; 0.00; 0.00; 0.00
12240492.455000; 0.00; 0.00; 0.00
12258378.461000; 0.00; 0.00; 0.00
12272699.973000; 0.00; 0.00; 0.00
12288764.181000; 0.00; 0.00; 0.00
12306652.016001; 0.00; 0.00; 0.00
12320462.199001; 0.00; 0.00; 0.00
12337740.305000; 0.00; 0.00; 0.00
12352776.757000; 0.00; 0.00; 0.00
12370152.982000; 0.00; 0.00; 0.00
12384880.038000; 0.00; 0.00; 0.00
12401343.250999; 0.00; 0.00; 0.00
12416477.444000; 0.00; 0.00; 0.00
12433588.879999; 0.00; 0.00; 0.00
12450532.061998; 0.00; 0.00; 0.00
12464493.826000; 0.00; 0.00; 0.00
12480408.830999; 0.00; 0.00; 0.00
12498058.308001; 0.00; 0.00; 0.00
12518085.084999; 0.00; 0.00; 0.00
12528970.288000; 0.00; 0.00; 0.00
12546220.384001; 0.00; 0.00; 0.00
12560615.740000; 0.00; 0.00; 0.00
12577542.294001; 0.00; 0.00; 0.00
12593222.770000; 0.00; 0.00; 0.00
12608486.870001; 0.00; 0.00; 0.00
12624328.958000; 0.00; 0.00; 0.00
12641444.344002; 0.00; 0.00; 0.00
12658690.773001; 0.00; 0.00; 0.00
12674532.581001; 0.00; 0.00; 0.00
12688949.830999; 0.00; 0.00; 0.00
12704648.427999; 0.00; 0.00; 0.00
12722612.048000; 0.00; 0.00; 0.00
12737255.715000; 0.00; 0.00; 0.00
12752870.572001; 0.00; 0.00; 0.00
12768518.701000; 0.00; 0.00; 0.00
12784527.458000; 0.00; 0.00; 0.00
12802685.369001; 0.00; 0.00; 0.00
12816629.089001; 0.00; 0.00; 0.00
12834541.344000; 0.00; 0.00; 0.00
12849532.272001; 0.00; 0.00; 0.00
12864457.066000; 0.00; 0.00; 0.00
12880880.115002; 0.00; 0.00; 0.00
12898572.943001; 0.00; 0.00; 0.00
12912847.427000; 0.00; 0.00; 0.00
12930585.821001; 0.00; 0.00; 0.00
12944520.820999; 0.00; 0.00; 0.00
12962448.078001; 0.00; 0.00; 0.00
12976697.499001; 0.00; 0.00; 0.00
12994086.912001; 0.00; 0.00; 0.00
13008935.926001; 0.00; 0.00; 0.00
13026579.406000; 0.00; 0.00; 0.00
13040488.512999; 0.00; 0.00; 0.00
13057734.428999; 0.00; 0.00; 0.00
13072522.283998; 0.00; 0.00; 0.00
13089855.071999; 0.00; 0.00; 0.00
13104905.067999; 0.00; 0.00; 0.00
13122367.784000; 0.00; 0.00; 0.00
13137745.274000; 0.00; 0.00; 0.00
13152978.403002; 0.00; 0.00; 0.00
13168478.306002; 0.00; 0.00; 0.00
13186062.348001; 0.00; 0.00; 0.00
13200481.570000; 0.00; 0.00; 0.00
13218078.169001; 0.00; 0.00; 0.00
13234851.630999; 0.00; 0.00; 0.00
13250105.409000; 0.00; 0.00; 0.00
13264665.400000; 0.00; 0.00; 0.00
13281565.306002; 0.00; 0.00; 0.00
13296684.766001; 0.00; 0.00; 0.00
13313125.844999; 0.00; 0.00; 0.00
13329923.177000; 0.00; 0.00; 0.00
13344489.388000; 0.00; 0.00; 0.00
13361359.627001; 0.00; 0.00; 0.00
13376651.732000; 0.00; 0.00; 0.00
13394350.188000; 0.00; 0.00; 0.00
13408537.804001; 0.00; 0.00; 0.00
13425691.345001; 0.00; 0.00; 0.00
13441814.371000; 0.00; 0.00; 0.00
13456484.753000; 0.00; 0.00; 0.00
13472996.212000; 0.00; 0.00; 0.00
13488842.038000; 0.00; 0.00; 0.00
13506354.365999; 0.00; 0.00; 0.00
13520802.007000; 0.00; 0.00; 0.00
13536632.849001; 0.00; 0.00; 0.00
13552517.325001; 0.00; 0.00; 0.00
13568451.955999; 0.00; 0.00; 0.00
13584557.982000; 0.00; 0.00; 0.00
13602549.108000; 0.00; 0.00; 0.00
13616865.883999; 0.00; 0.00; 0.00
13634006.427999; 0.00; 0.00; 0.00
13648616.386999; 0.00; 0.00; 0.00
13666106.779999; 0.00; 0.00; 0.00
13680494.375999; 0.00; 0.00; 0.00
13697514.532999; 0.00; 0.00; 0.00
13713050.501001; 0.00; 0.00; 0.00
13729957.565001; 0.00; 0.00; 0.00
13744489.836000; 0.00; 0.00; 0.00
13762079.539999; 0.00; 0.00; 0.00
13776484.305000; 0.00; 0.00; 0.00
13794370.171000; 0.00; 0.00; 0.00
13808476.711000; 0.00; 0.00; 0.00
13828162.768999; 0.00; 0.00; 0.00
13840761.802000; 0.00; 0.00; 0.00
13858096.561001; 0.00; 0.00; 0.00
13872507.990000; 0.00; 0.00; 0.00
13889996.646999; 0.00; 0.00; 0.00
13904744.392000; 0.00; 0.00; 0.00
13921841.250999; 0.00; 0.00; 0.00
13937413.658001; 0.00; 0.00; 0.00
13952475.518002; 0.00; 0.00; 0.00
13968468.615000; 0.00; 0.00; 0.00
13989851.487000; 0.00; 0.00; 0.00
14000573.682001; 0.00; 0.00; 0.00
14017743.875999; 0.00; 0.00; 0.00
14033568.480000; 0.00; 0.00; 0.00
14049955.398001; 0.00; 0.00; 0.00
14064558.702999; 0.00; 0.00; 0.00
14081794.629002; 0.00; 0.00; 0.00
14096476.023001; 0.00; 0.00; 0.00
14113328.312000; 0.00; 0.00; 0.00
14128481.551001; 0.00; 0.00; 0.00
14145638.038000; 0.00; 0.00; 0.00
14160870.782000; 0.00; 0.00; 0.00
14176479.796001; 0.00; 0.00; 0.00
14192484.091000; 0.00; 0.00; 0.00
14209553.028000; 0.00; 0.00; 0.00
14224477.693001; 0.00; 0.00; 0.00
14241096.841000; 0.00; 0.00; 0.00
14258440.306999; 0.00; 0.00; 0.00
14272383.314001; 0.00; 0.00; 0.00
14289770.683001; 0.00; 0.00; 0.00
14304646.664001; 0.00; 0.00; 0.00
14322537.782000; 0.00; 0.00; 0.00
14336482.127001; 0.00; 0.00; 0.00
14353041.898001; 0.00; 0.00; 0.00
14368525.198000; 0.00; 0.00; 0.00
14385492.188999; 0.00; 0.00; 0.00
14400785.500000; 0.00; 0.00; 0.00
14417905.065001; 0.00; 0.00; 0.00
14434616.251999; 0.00; 0.00; 0.00
14448470.496000; 0.00; 0.00; 0.00
14464705.208000; 0.00; 0.00; 0.00
14481944.173000; 0.00; 0.00; 0.00
14498446.844000; 0.00; 0.00; 0.00
14512996.865000; 0.00; 0.00; 0.00
14529932.817001; 0.00; 0.00; 0.00
14544463.614000; 0.00; 0.00; 0.00
14561711.931002; 0.00; 0.00; 0.00
14584572.125999; 0.00; 0.00; 0.00
14592459.125000; 0.00; 0.00; 0.00
14609085.685001; 0.00; 0.00; 0.00
14624477.019001; 0.00; 0.00; 0.00
14642442.779001; 0.00; 0.00; 0.00
14656678.712002; 0.00; 0.00; 0.00
14673866.769001; 0.00; 0.00; 0.00
14688625.264000; 0.00; 0.00; 0.00
14704850.802000; 0.00; 0.00; 0.00
14720499.647999; 0.00; 0.00; 0.00
14737445.299002; 0.00; 0.00; 0.00
14752486.265001; 0.00; 0.00; 0.00
14768586.822001; 0.00; 0.00; 0.00
14785773.748001; 0.00; 0.00; 0.00
14800493.668001; 0.00; 0.00; 0.00
14817726.885000; 0.00; 0.00; 0.00
14835459.934000; 0.00; 0.00; 0.00
14850085.982000; 0.00; 0.00; 0.00
14864619.509001; 0.00; 0.00; 0.00
14882662.518002; 0.00; 0.00; 0.00
14896483.356001; 0.00; 0.00; 0.00
14912476.778000; 0.00; 0.00; 0.00
14928461.733000; 0.00; 0.00; 0.00
14945999.987000; 0.00; 0.00; 0.00
14960471.488001; 0.00; 0.00; 0.00
14976458.976000; 0.00; 0.00; 0.00
14993201.098999; 0.00; 0.00; 0.00
15010554.948999; 0.00; 0.00; 0.00
15025159.622000; 0.00; 0.00; 0.00
15040466.912001; 0.00; 0.00; 0.00
15056502.362000; 0.00; 0.00; 0.00
15073538.591000; 0.00; 0.00; 0.00
15089589.245001; 0.00; 0.00; 0.00
15105704.635000; 0.00; 0.00; 0.00
15120706.295000; 0.00; 0.00; 0.00
15136480.740000; 0.00; 0.00; 0.00
15153764.085001; 0.00; 0.00; 0.00
15168375.917002; 0.00; 0.00; 0.00
15184513.289999; 0.00; 0.00; 0.00
15201310.610001; 0.00; 0.00; 0.00
15219302.314999; 0.00; 0.00; 0.00
15234637.515001; 0.00; 0.00; 0.00
15248502.541000; 0.00; 0.00; 0.00
15266363.566000; 0.00; 0.00; 0.00
15286117.365000; 0.00; 0.00; 0.00
15305678.016001; 0.00; 0.00; 0.00
15312519.774000; 0.00; 0.00; 0.00
15328480.595999; 0.00; 0.00; 0.00
15345649.348999; 0.00; 0.00; 0.00
15360511.771000; 0.00; 0.00; 0.00
15377751.476000; 0.00; 0.00; 0.00
15392470.951000; 0.00; 0.00; 0.00
15410692.584999; 0.00; 0.00; 0.00
15425580.607000; 0.00; 0.00; 0.00
15441199.341999; 0.00; 0.00; 0.00
15458476.283001; 0.00; 0.00; 0.00
15472482.417999; 0.00; 0.00; 0.00
15488552.694000; 0.00; 0.00; 0.00
15504999.352999; 0.00; 0.00; 0.00
15522211.694000; 0.00; 0.00; 0.00
15536504.586000; 0.00; 0.00; 0.00
15554097.693001; 0.00; 0.00; 0.00
15568462.491999; 0.00; 0.00; 0.00
15584800.946999; 0.00; 0.00; 0.00
15602598.090000; 0.00; 0.00; 0.00
15617814.987000; 0.00; 0.00; 0.00
15632978.902000; 0.00; 0.00; 0.00
15648459.100000; 0.00; 0.00; 0.00
15666410.735001; 0.00; 0.00; 0.00
15680509.191999; 0.00; 0.00; 0.00
15696626.948000; 0.00; 0.00; 0.00
15714520.677000; 0.00; 0.00; 0.00
15728729.558001; 0.00; 0.00; 0.00
15744502.389999; 0.00; 0.00; 0.00
15761497.464001; 0.00; 0.00; 0.00
15777739.947001; 0.00; 0.00; 0.00
15792532.247000; 0.00; 0.00; 0.00
15809551.260000; 0.00; 0.00; 0.00
15826364.286001; 0.00; 0.00; 0.00
15840483.584999; 0.00; 0.00; 0.00
15856669.479000; 0.00; 0.00; 0.00
15874163.264000; 0.00; 0.00; 0.00
15888741.521999; 0.00; 0.00; 0.00
15904657.728001; 0.00; 0.00; 0.00
15921966.817001; 0.00; 0.00; 0.00
15936687.302000; 0.00; 0.00; 0.00
15952805.303001; 0.00; 0.00; 0.00
15971032.208000; 0.00; 0.00; 0.00
15984473.882999; 0.00; 0.00; 0.00
16001728.792000; 0.00; 0.00; 0.00
16016451.889999; 0.00; 0.00; 0.00
16033894.664000; 0.00; 0.00; 0.00
16048511.725000; 0.00; 0.00; 0.00
16064726.198999; 0.00; 0.00; 0.00
16082064.445000; 0.00; 0.00; 0.00
16096630.368999; 0.00; 0.00; 0.00
16113644.996000; 0.00; 0.00; 0.00
16129275.184999; 0.00; 0.00; 0.00
16144491.100000; 0.00; 0.00; 0.00
16160977.547001; 0.00; 0.00; 0.00
16178222.095999; 0.00; 0.00; 0.00
16192629.295000; 0.00; 0.00; 0.00
16209992.226000; 0.00; 0.00; 0.00
16224572.608000; 0.00; 0.00; 0.00
16241694.937000; 0.00; 0.00; 0.00
16256478.051001; 0.00; 0.00; 0.00
16272969.072001; 0.00; 0.00; 0.00
16290645.584000; 0.00; 0.00; 0.00
16304748.183001; 0.00; 0.00; 0.00
16320508.769001; 0.00; 0.00; 0.00
16337427.510000; 0.00; 0.00; 0.00
16352454.077999; 0.00; 0.00; 0.00
16368480.111000; 0.00; 0.00; 0.00
16386576.414001; 0.00; 0.00; 0.00
16402366.694000; 0.00; 0.00; 0.00
16417528.315001; 0.00; 0.00; 0.00
16432526.343000; 0.00; 0.00; 0.00
16448611.837000; 0.00; 0.00; 0.00
16465582.418999; 0.00; 0.00; 0.00
16480496.539000; 0.00; 0.00; 0.00
16498369.198000; 0.00; 0.00; 0.00
16512754.284000; 0.00; 0.00; 0.00
16529444.329000; 0.00; 0.00; 0.00
16544468.223001; 0.00; 0.00; 0.00
16560562.392000; 0.00; 0.00; 0.00
16578494.201000; 0.00; 0.00; 0.00
16592809.862999; 0.00; 0.00; 0.00
16608453.289000; 0.00; 0.00; 0.00
16626446.123001; 0.00; 0.00; 0.00
16640529.004000; 0.00; 0.00; 0.00
16656450.965000; 0.00; 0.00; 0.00
16674331.349998; 0.00; 0.00; 0.00
16689584.809999; 0.00; 0.00; 0.00
16707351.213999; 0.00; 0.00; 0.00
16721188.632000; 0.00; 0.00; 0.00
16736452.007000; 0.00; 0.00; 0.00
16752458.932001; 0.00; 0.00; 0.00
16769657.041000; 0.00; 0.00; 0.00
16784471.735001; 0.00; 0.00; 0.00
16800655.320999; 0.00; 0.00; 0.00
16818103.642000; 0.00; 0.00; 0.00
16832530.125999; 0.00; 0.00; 0.00
16850324.684002; 0.00; 0.00; 0.00
16867227.306000; 0.00; 0.00; 0.00
16881284.914000; 0.00; 0.00; 0.00
16897286.525000; 0.00; 0.00; 0.00
16912468.646000; 0.00; 0.00; 0.00
16928492.535000; 0.00; 0.00; 0.00
16946114.122000; 0.00; 0.00; 0.00
16960469.872000; 0.00; 0.00; 0.00
16978244.525000; 0.00; 0.00; 0.00
16992843.924000; 0.00; 0.00; 0.00
17009815.676001; 0.00; 0.00; 0.00
17024492.650000; 0.00; 0.00; 0.00
17042032.953999; 0.00; 0.00; 0.00
17057073.592001; 0.00; 0.00; 0.00
17074332.037001; 0.00; 0.00; 0.00
17088644.212002; 0.00; 0.00; 0.00
17106552.996000; 0.00; 0.00; 0.00
17120674.959000; 0.00; 0.00; 0.00
17138214.995001; 0.00; 0.00; 0.00
17152616.110001; 0.00; 0.00; 0.00
17170519.626001; 0.00; 0.00; 0.00
17184505.142000; 0.00; 0.00; 0.00
17202537.393002; 0.00; 0.00; 0.00
17216782.586000; 0.00; 0.00; 0.00
17234517.852999; 0.00; 0.00; 0.00
17248540.934999; 0.00; 0.00; 0.00
17266263.936001; 0.00; 0.00; 0.00
17280967.660999; 0.00; 0.00; 0.00
17296494.931002; 0.00; 0.00; 0.00
17312782.012999; 0.00; 0.00; 0.00
17329874.600000; 0.00; 0.00; 0.00
17344429.991999; 0.00; 0.00; 0.00
17361564.409000; 0.00; 0.00; 0.00
17376465.849001; 0.00; 0.00; 0.00
17393132.084000; 0.00; 0.00; 0.00
17408755.756001; 0.00; 0.00; 0.00
17426441.678999; 0.00; 0.00; 0.00
17441849.536001; 0.00; 0.00; 0.00
17458053.221001; 0.00; 0.00; 0.00
17472500.789000; 0.00; 0.00; 0.00
17490617.004999; 0.00; 0.00; 0.00
17505542.597000; 0.00; 0.00; 0.00
17521114.252001; 0.00; 0.00; 0.00
17538233.787001; 0.00; 0.00; 0.00
17553623.855999; 0.00; 0.00; 0.00
17568532.917999; 0.00; 0.00; 0.00
17584858.455000; 0.00; 0.00; 0.00
17601488.242001; 0.00; 0.00; 0.00
17616593.490000; 0.00; 0.00; 0.00
17632988.147999; 0.00; 0.00; 0.00
17650119.334002; 0.00; 0.00; 0.00
17665516.930000; 0.00; 0.00; 0.00
17681561.167002; 0.00; 0.00; 0.00
17698441.912001; 0.00; 0.00; 0.00
17712472.298000; 0.00; 0.00; 0.00
17730035.300001; 0.00; 0.00; 0.00
17744547.638000; 0.00; 0.00; 0.00
17762318.429001; 0.00; 0.00; 0.00
17776500.850000; 0.00; 0.00; 0.00
17793524.995001; 0.00; 0.00; 0.00
17809548.113001; 0.00; 0.00; 0.00
17825991.587000; 0.00; 0.00; 0.00
17841048.076000; 0.00; 0.00; 0.00
17856478.299000; 0.00; 0.00; 0.00
17872939.401999; 0.00; 0.00; 0.00
17888563.462000; 0.00; 0.00; 0.00
17906441.858000; 0.00; 0.00; 0.00
17921043.500000; 0.00; 0.00; 0.00
17937466.564001; 0.00; 0.00; 0.00
17952478.337000; 0.00; 0.00; 0.00
17968346.049000; 0.00; 0.00; 0.00
17986339.782999; 0.00; 0.00; 0.00
18000442.974001; 0.00; 0.00; 0.00
18016461.316999; 0.00; 0.00; 0.00
18032499.713999; 0.00; 0.00; 0.00
18048639.066999; 0.00; 0.00; 0.00
18064472.028000; 0.00; 0.00; 0.00
18082455.598000; 0.00; 0.00; 0.00
18096536.525000; 0.00; 0.00; 0.00
18113734.764999; 0.00; 0.00; 0.00
18130600.414001; 0.00; 0.00; 0.00
18144639.240000; 0.00; 0.00; 0.00
18160473.392000; 0.00; 0.00; 0.00
18176796.400002; 0.00; 0.00; 0.00
18192463.833000; 0.00; 0.00; 0.00
18210368.323000; 0.00; 0.00; 0.00
18225726.320999; 0.00; 0.00; 0.00
18242420.980999; 0.00; 0.00; 0.00
18258109.885000; 0.00; 0.00; 0.00
18272472.694000; 0.00; 0.00; 0.00
18289147.638000; 0.00; 0.00; 0.00
18304684.393002; 0.00; 0.00; 0.00
18320404.472000; 0.00; 0.00; 0.00
18338319.266001; 0.00; 0.00; 0.00
18352464.932999; 0.00; 0.00; 0.00
18369906.823000; 0.00; 0.00; 0.00
18386190.226000; 0.00; 0.00; 0.00
18400822.070000; 0.00; 0.00; 0.00
18417558.376001; 0.00; 0.00; 0.00
18434182.932001; 0.00; 0.00; 0.00
18448483.877001; 0.00; 0.00; 0.00
18465817.319000; 0.00; 0.00; 0.00
18482529.705000; 0.00; 0.00; 0.00
18496670.008001; 0.00; 0.00; 0.00
18514341.165001; 0.00; 0.00; 0.00
18528875.219999; 0.00; 0.00; 0.00
18545813.794001; 0.00; 0.00; 0.00
18560447.143000; 0.00; 0.00; 0.00
18576467.566999; 0.00; 0.00; 0.00
18594051.250000; 0.00; 0.00; 0.00
18608518.917999; 0.00; 0.00; 0.00
18625683.138000; 0.00; 0.00; 0.00
18640540.918001; 0.00; 0.00; 0.00
18657793.361000; 0.00; 0.00; 0.00
18672537.778000; 0.00; 0.00; 0.00
18688475.250999; 0.00; 0.00; 0.00
18705311.663000; 0.00; 0.00; 0.00
18720824.039999; 0.00; 0.00; 0.00
18737638.230999; 0.00; 0.00; 0.00
18754617.205000; 0.00; 0.00; 0.00
18768480.424000; 0.00; 0.00; 0.00
18784464.506001; 0.00; 0.00; 0.00
18802201.480001; 0.00; 0.00; 0.00
18816608.049002; 0.00; 0.00; 0.00
18833609.740999; 0.00; 0.00; 0.00
18851084.104000; 0.00; 0.00; 0.00
18866292.651999; 0.00; 0.00; 0.00
18880557.221001; 0.00; 0.00; 0.00
18896786.087000; 0.00; 0.00; 0.00
18914471.247002; 0.00; 0.00; 0.00
18928684.111000; 0.00; 0.00; 0.00
18944526.212999; 0.00; 0.00; 0.00
18961706.355000; 0.00; 0.00; 0.00
18976480.523001; 0.00; 0.00; 0.00
18992475.233002; 0.00; 0.00; 0.00
19008561.355000; 0.00; 0.00; 0.00
19026521.582001; 0.00; 0.00; 0.00
19040500.823999; 0.00; 0.00; 0.00
19057649.170000; 0.00; 0.00; 0.00
19072478.882999; 0.00; 0.00; 0.00
19089153.386999; 0.00; 0.00; 0.00
19105311.968000; 0.00; 0.00; 0.00
19122617.995001; 0.00; 0.00; 0.00
19136478.317999; 0.00; 0.00; 0.00
19152442.243000; 0.00; 0.00; 0.00
19168647.677000; 0.00; 0.00; 0.00
19184543.199001; 0.00; 0.00; 0.00
19203094.781000; 0.00; 0.00; 0.00
19216483.952000; 0.00; 0.00; 0.00
19233694.004000; 0.00; 0.00; 0.00
19249551.713999; 0.00; 0.00; 0.00
19264962.577999; 0.00; 0.00; 0.00
19280899.361000; 0.00; 0.00; 0.00
19297564.394001; 0.00; 0.00; 0.00
19312617.111000; 0.00; 0.00; 0.00
19329581.824001; 0.00; 0.00; 0.00
19346531.708000; 0.00; 0.00; 0.00
19361143.763000; 0.00; 0.00; 0.00
19378363.124001; 0.00; 0.00; 0.00
19392873.023001; 0.00; 0.00; 0.00
19408457.182001; 0.00; 0.00; 0.00
19425063.499001; 0.00; 0.00; 0.00
19442008.375000; 0.00; 0.00; 0.00
19456520.357000; 0.00; 0.00; 0.00
19473847.254000; 0.00; 0.00; 0.00
19488681.971001; 0.00; 0.00; 0.00
19506366.259001; 0.00; 0.00; 0.00
19520654.049000; 0.00; 0.00; 0.00
19536465.784000; 0.00; 0.00; 0.00
19553942.823000; 0.00; 0.00; 0.00
19568456.806999; 0.00; 0.00; 0.00
19586373.518000; 0.00; 0.00; 0.00
19601649.132999; 0.00; 0.00; 0.00
19616525.070000; 0.00; 0.00; 0.00
19633955.978001; 0.00; 0.00; 0.00
19648519.452999; 0.00; 0.00; 0.00
19665576.462999; 0.00; 0.00; 0.00
19680475.650002; 0.00; 0.00; 0.00
19697550.121000; 0.00; 0.00; 0.00
19712468.511999; 0.00; 0.00; 0.00
19731413.899000; 0.00; 0.00; 0.00
19744988.261000; 0.00; 0.00; 0.00
19763005.579000; 0.00; 0.00; 0.00
19776861.826000; 0.00; 0.00; 0.00
19794221.418001; 0.00; 0.00; 0.00
19808442.473001; 0.00; 0.00; 0.00
19824943.662001; 0.00; 0.00; 0.00
19842344.582001; 0.00; 0.00; 0.00
19856581.021000; 0.00; 0.00; 0.00
19875164.257000; 0.00; 0.00; 0.00
19888705.530001; 0.00; 0.00; 0.00
19904794.480001; 0.00; 0.00; 0.00
19922536.181000; 0.00; 0.00; 0.00
19936571.521000; 0.00; 0.00; 0.00
19953773.290001; 0.00; 0.00; 0.00
19968477.326000; 0.00; 0.00; 0.00
19986553.080000; 0.00; 0.00; 0.00
20000471.060001; 0.00; 0.00; 0.00
20017637.395000; 0.00; 0.00; 0.00
20033331.892000; 0.00; 0.00; 0.00
20050092.539999; 0.00; 0.00; 0.00
20064484.952999; 0.00; 0.00; 0.00
20081018.356001; 0.00; 0.00; 0.00
20098211.341002; 0.00; 0.00; 0.00
20112471.726999; 0.00; 0.00; 0.00
20129271.080000; 0.00; 0.00; 0.00
20146644.236000; 0.00; 0.00; 0.00
20160741.682001; 0.00; 0.00; 0.00
20178212.790998; 0.00; 0.00; 0.00
20192479.929001; 0.00; 0.00; 0.00
20210372.932001; 0.00; 0.00; 0.00
20224455.576000; 0.00; 0.00; 0.00
20242003.436001; 0.00; 0.00; 0.00
20256702.660999; 0.00; 0.00; 0.00
20273944.322001; 0.00; 0.00; 0.00
20288536.411001; 0.00; 0.00; 0.00
20305491.957001; 0.00; 0.00; 0.00
20322749.339001; 0.00; 0.00; 0.00
20337296.997000; 0.00; 0.00; 0.00
20352611.634001; 0.00; 0.00; 0.00
20369753.130001; 0.00; 0.00; 0.00
20384656.153999; 0.00; 0.00; 0.00
20401708.267000; 0.00; 0.00; 0.00
20417558.207001; 0.00; 0.00; 0.00
20432457.101000; 0.00; 0.00; 0.00
20449889.359001; 0.00; 0.00; 0.00
20466635.470001; 0.00; 0.00; 0.00
20480510.580000; 0.00; 0.00; 0.00
20496477.493999; 0.00; 0.00; 0.00
20514455.760000; 0.00; 0.00; 0.00
20529786.351000; 0.00; 0.00; 0.00
20544807.680000; 0.00; 0.00; 0.00
20560952.509001; 0.00; 0.00; 0.00
20584000.379000; 0.00; 0.00; 0.00
20593802.103001; 0.00; 0.00; 0.00
20608497.421001; 0.00; 0.00; 0.00
20626524.732000; 0.00; 0.00; 0.00
20640786.048000; 0.00; 0.00; 0.00
20657098.858999; 0.00; 0.00; 0.00
20674336.726000; 0.00; 0.00; 0.00
20689526.280001; 0.00; 0.00; 0.66
20706667.803001; 0.00; 0.00; 2.19
20720987.523001; 0.00; 0.00; 3.44
20738760.792999; 0.00; 0.00; 5.04
20752468.555000; 0.00; 0.00; 6.27
20769686.282000; 0.00; 0.00; 7.81
20784391.195000; 0.00; 0.00; 9.09
20802063.102999; 0.00; 0.00; 10.70
20816453.915001; 0.00; 0.00; 11.95
20832469.230000; 0.00; 0.00; 13.41
20849462.216000; 0.00; 0.00; 14.93
20864494.306999; 0.00; 0.00; 16.14
20882361.710001; 0.00; 0.00; 17.86
20896734.382000; 0.00; 0.00; 19.14
20914792.882000; 0.00; 0.00; 20.69
20928493.952000; 0.00; 0.00; 21.94
20946316.051001; 0.00; 0.00; 23.50
20961034.082001; 0.00; 0.00; 24.79
20976378.224998; 0.00; 0.00; 26.23
20994426.707001; 0.00; 0.00; 27.78
21008507.912001; 0.00; 0.00; 29.05
21024446.525000; 0.00; 0.00; 30.50
21042458.099001; 0.00; 0.00; 32.14
21058151.829000; 0.00; 0.00; 33.54
21072459.480000; 0.00; 0.00; 34.80
21090178.963001; 0.00; 0.00; 36.39
21106672.739000; 0.00; 0.00; 37.87
21121646.759001; 0.00; 0.00; 39.20
21138362.460001; 0.00; 0.00; 40.69
21153885.607000; 0.00; 0.00; 42.05
21168500.549000; 0.00; 0.00; 43.30
21186236.302999; 0.00; 0.00; 44.96
21200567.457001; 0.00; 0.00; 46.22
21218413.073000; 0.00; 0.00; 47.83
21233281.480999; 0.00; 0.00; 49.15
21250346.690001; 0.00; 0.00; 50.68
21264490.013000; 0.00; 0.00; 51.87
21281853.452999; 0.00; 0.00; 53.49
21296487.100000; 0.00; 0.00; 54.73
21312545.358000; 0.00; 0.00; 56.14
21328428.510000; 0.00; 0.00; 57.62
21345599.007999; 0.00; 0.00; 59.17
21361920.293001; 0.00; 0.00; 60.63
21376543.255999; 0.00; 0.00; 61.88
21394098.237001; 0.00; 0.00; 63.50
21408484.188999; 0.00; 0.00; 64.69
21424480.975000; 0.00; 0.00; 66.19
21441732.778000; 0.00; 0.00; 67.75
21456471.348000; 0.00; 0.00; 68.94
21472482.257000; 0.00; 0.00; 70.39
21489543.184999; 0.00; 0.00; 72.01
21504749.782000; 0.00; 0.00; 73.24
21522418.268000; 0.00; 0.00; 74.94
21536503.343000; 0.00; 0.00; 76.15
21553028.441999; 0.00; 0.00; 77.59
21570308.326000; 0.00; 0.00; 79.21
21584580.809000; 0.00; 0.00; 80.39
21601858.905001; 0.00; 0.00; 82.03
21616616.205999; 0.00; 0.00; 83.25
21633753.788000; 0.00; 0.00; 84.87
21648472.758001; 0.00; 0.00; 86.08
21665564.110001; 0.00; 0.00; 87.71
21680491.736000; 0.00; 0.00; 88.95
21696440.605999; 0.00; 0.00; 89.31
21714371.723000; 0.00; 0.00; 89.34
21728489.087000; 0.00; 0.00; 89.36
21745365.087999; 0.00; 0.00; 89.38
21762554.867001; 0.00; 0.00; 89.41
21776467.408001; 0.00; 0.00; 89.43
21795290.289000; 0.00; 0.00; 89.46
21809224.553001; 0.00; 0.00; 89.49
21824540.538000; 0.00; 0.00; 89.51
21841156.655001; 0.00; 0.00; 89.54
21856480.505001; 0.00; 0.00; 89.56
21872480.787001; 0.00; 0.00; 89.58
21889692.031000; 0.00; 0.00; 89.61
21904849.584000; 0.00; 0.00; 89.64
21921190.724998; 0.00; 0.00; 89.66
21936451.135000; 0.00; 0.00; 89.69
21954604.358999; 0.00; 0.00; 89.72
21968532.179001; 0.00; 0.00; 89.74
21984635.299002; 0.00; 0.00; 89.76
22000617.825001; 0.00; 0.00; 89.79
22016524.377001; 0.00; 0.00; 89.81
22033365.049999; 0.00; 0.00; 89.84
22049216.752998; 0.00; 0.00; 89.87
22064623.437000; 0.00; 0.00; 89.89
22083377.361000; 0.00; 0.00; 89.92
22097210.687000; 0.00; 0.00; 89.94
22112501.483999; 0.00; 0.00; 89.97
22128470.562000; 0.00; 0.00; 89.99
22145231.667000; 0.00; 0.00; 90.02
22162208.121000; 0.00; 0.00; 90.05
22177020.278999; 0.00; 0.00; 90.07
22192867.302000; 0.00; 0.00; 90.09
22209738.348000; 0.00; 0.00; 90.12
22224632.068001; 0.00; 0.00; 90.14
22240512.245001; 0.00; 0.00; 90.17
22258120.147001; 0.00; 0.00; 90.20
22274113.572001; 0.00; 0.00; 90.22
22288549.927000; 0.00; 0.00; 90.25
22304652.806000; 0.00; 0.00; 90.27
22321371.646999; 0.00; 0.00; 90.30
22336697.170000; 0.00; 0.00; 90.32
22353339.794001; 0.00; 0.00; 90.35
22368507.513000; 0.00; 0.00; 90.37
22384578.425001; 0.00; 0.00; 90.40
22400519.235001; 0.00; 0.00; 90.42
22416936.154001; 0.00; 0.00; 90.45
22434217.334000; 0.00; 0.00; 90.48
22448467.569000; 0.00; 0.00; 90.50
22465587.724001; 0.00; 0.00; 90.53
22482257.337000; 0.00; 0.00; 90.55
22496866.246000; 0.00; 0.00; 90.58
22514123.126001; 0.00; 0.00; 90.60
22528484.999001; 0.00; 0.00; 90.63
22546004.402000; 0.00; 0.00; 90.65
22560524.205999; 0.00; 0.00; 90.68
22577872.618000; 0.00; 0.00; 90.70
22592870.689001; 0.00; 0.00; 90.73
22610200.314001; 0.00; 0.00; 90.76
22624656.025000; 0.00; 0.00; 90.78
22641819.539000; 0.00; 0.00; 90.81
22656488.330000; 0.00; 0.00; 90.83
22673426.316999; 0.00; 0.00; 90.86
22690360.448000; 0.00; 0.00; 90.87
22704708.159000; 0.00; 0.00; 90.87
22721593.191000; 0.00; 0.00; 90.87
22738117.991001; 0.00; 0.00; 90.87
22752410.405001; 0.00; 0.00; 90.87
22769928.035000; 0.00; 0.00; 90.87
22784578.754999; 0.00; 0.00; 90.87
22802135.637001; 0.00; 0.00; 90.87
22816788.521000; 0.00; 0.00; 90.87
22833666.412001; 0.00; 0.00; 90.87
22848531.751001; 0.00; 0.00; 90.87
22864462.881001; 0.00; 0.00; 90.87
22880527.592001; 0.00; 0.00; 90.87
22896555.889000; 0.00; 0.00; 90.87
22915085.557999; 0.00; 0.00; 90.87
22929033.095001; 0.00; 0.00; 90.87
22946404.783001; 0.00; 0.00; 90.87
22961114.375999; 0.00; 0.00; 90.87
22978796.091000; 0.00; 0.00; 90.87
22992682.811001; 0.00; 0.00; 90.87
23010296.008001; 0.00; 0.00; 90.87
23024502.202999; 0.00; 0.00; 90.87
23042407.177999; 0.00; 0.00; 90.87
23056611.306000; 0.00; 0.00; 90.87
23073394.427999; 0.00; 0.00; 90.87
23088821.472000; 0.00; 0.00; 90.87
23107059.368000; 0.00; 0.00; 90.87
23121326.827000; 0.00; 0.00; 90.87
23138323.933001; 0.00; 0.00; 90.87
23152480.787001; 0.00; 0.00; 90.87
23169673.370001; 0.00; 0.00; 90.87
23186437.788000; 0.00; 0.00; 90.87
23200513.911001; 0.00; 0.00; 90.87
23218197.114000; 0.00; 0.00; 90.87
23233340.102001; 0.00; 0.00; 90.87
23253101.670000; 0.00; 0.00; 90.87
23264461.948000; 0.00; 0.00; 90.87
23282127.456999; 0.00; 0.00; 90.87
23296517.100000; 0.00; 0.00; 90.87
23314407.136000; 0.00; 0.00; 90.87
23328651.143000; 0.00; 0.00; 90.87
23344549.387001; 0.00; 0.00; 90.87
23362964.176001; 0.00; 0.00; 90.87
23377331.184000; 0.00; 0.00; 90.87
23393982.750000; 0.00; 0.00; 90.87
23411455.259001; 0.00; 0.00; 90.87
23433617.093000; 0.00; 0.00; 90.87
23441589.921000; 0.00; 0.00; 90.87
23456538.652000; 0.00; 0.00; 90.87
23472638.325001; 0.00; 0.00; 90.87
23489886.496000; 0.00; 0.00; 90.87
23504569.331001; 0.00; 0.00; 90.87
23522641.993000; 0.00; 0.00; 90.87
23537448.367001; 0.00; 0.00; 90.87
23552475.708000; 0.00; 0.00; 90.87
23580281.062000; 0.00; 0.00; 90.87
23586377.322001; 0.00; 0.00; 90.87
23602432.926001; 0.00; 0.00; 90.87
23617443.057999; 0.00; 0.00; 90.87
23633131.639000; 0.00; 0.00; 90.87
23648487.144001; 0.00; 0.00; 90.87
23665983.141001; 0.00; 0.00; 90.87
23693175.185999; 0.00; 0.00; 90.87
23702735.139999; 0.00; 0.00; 90.87
23713556.226999; 0.00; 0.00; 90.87
23728468.472000; 0.00; 0.00; 90.87
23745886.602999; 0.00; 0.00; 90.87
23762991.032000; 0.00; 0.00; 90.87
23776684.181002; 0.00; 0.00; 90.87
23794363.655001; 0.00; 0.00; 90.87
23808600.945000; 0.00; 0.00; 90.87
23824918.781000; 0.00; 0.00; 90.87
23842158.893000; 0.00; 0.00; 90.87
23856486.752001; 0.00; 0.00; 90.87
23874032.875002; 0.00; 0.00; 90.87
23888501.879999; 0.00; 0.00; 90.87
23904659.317001; 0.00; 0.00; 90.87
23922689.153000; 0.00; 0.00; 90.87
23936751.880001; 0.00; 0.00; 90.87
23954685.813000; 0.00; 0.00; 90.87
23968707.202002; 0.00; 0.00; 90.87
23986823.839001; 0.00; 0.00; 90.87
24000549.335001; 0.00; 0.00; 90.87
24017810.703999; 0.00; 0.00; 90.87
24033009.221001; 0.00; 0.00; 90.87
24050529.477001; 0.00; 0.00; 90.87
24064458.806000; 0.00; 0.00; 90.87
24081828.591999; 0.00; 0.00; 90.87
24096471.007000; 0.00; 0.00; 90.87
24114735.441000; 0.00; 0.00; 90.87
24128484.379000; 0.00; 0.00; 90.87
24145493.587999; 0.00; 0.00; 90.87
24160481.427000; 0.00; 0.00; 90.87
24176619.354000; 0.00; 0.00; 90.87
24194184.606001; 0.00; 0.00; 90.87
24208967.931999; 0.00; 0.00; 90.87
24226277.158001; 0.00; 0.00; 90.87
24240513.983999; 0.00; 0.00; 90.87
24256827.793001; 0.00; 0.00; 90.87
24274661.646002; 0.00; 0.00; 90.87
24290163.363001; 0.00; 0.00; 90.87
24305778.058001; 0.00; 0.00; 90.87
24320713.507999; 0.00; 0.00; 90.87
24338183.986000; 0.00; 0.00; 90.87
24352572.300001; 0.00; 0.00; 90.87
24368475.662001; 0.00; 0.00; 90.87
24384507.871000; 0.00; 0.00; 90.87
24400478.268000; 0.00; 0.00; 90.87
24417559.691002; 0.00; 0.00; 90.87
24432553.029001; 0.00; 0.00; 90.87
24449171.525999; 0.00; 0.00; 90.87
24466224.092001; 0.00; 0.00; 90.87
24480410.691999; 0.00; 0.00; 90.87
24497662.027000; 0.00; 0.00; 90.87
24514668.419001; 0.00; 0.00; 90.87
24528750.834999; 0.00; 0.00; 90.87
24545509.959000; 0.00; 0.00; 90.87
24560488.695000; 0.00; 0.00; 90.87
24582528.995001; 0.00; 0.00; 90.87
24592841.131001; 0.00; 0.00; 90.87
24608480.803001; 0.00; 0.00; 90.87
24626169.778999; 0.00; 0.00; 90.87
24640489.998999; 0.00; 0.00; 90.87
24658545.585001; 0.00; 0.00; 90.87
24672944.083000; 0.00; 0.00; 90.87
24688377.681999; 0.00; 0.00; 90.87
24705186.299000; 0.00; 0.00; 90.87
24720757.401001; 0.00; 0.00; 90.87
24738232.853001; 0.00; 0.00; 90.87
24752617.171000; 0.00; 0.00; 90.87
24768476.142000; 0.00; 0.00; 90.87
24784481.799999; 0.00; 0.00; 90.87
24802698.909000; 0.00; 0.00; 90.87
24816648.806000; 0.00; 0.00; 90.87
24832538.421000; 0.00; 0.00; 90.87
24848477.756001; 0.00; 0.00; 90.87
24864607.167999; 0.00; 0.00; 90.87
24881743.076000; 0.00; 0.00; 90.87
24896476.879000; 0.00; 0.00; 90.87
24914020.427000; 0.00; 0.00; 90.87
24930060.258001; 0.00; 0.00; 90.87
24944468.899000; 0.00; 0.00; 90.87
24960656.401001; 0.00; 0.00; 90.87
24978088.539999; 0.00; 0.00; 90.87
24994156.836000; 0.00; 0.00; 90.87
25010202.743000; 0.00; 0.00; 90.87
25024486.093000; 0.00; 0.00; 90.87
25041572.288000; 0.00; 0.00; 90.87
25058360.376001; 0.00; 0.00; 90.87
25072888.563000; 0.00; 0.00; 90.87
25090294.993000; 0.00; 0.00; 90.87
25104788.728001; 0.00; 0.00; 90.87
25122245.474001; 0.00; 0.00; 90.87
25136620.135000; 0.00; 0.00; 90.87
25154285.205000; 0.00; 0.00; 90.87
25168834.881001; 0.00; 0.00; 90.87
25184526.704000; 0.00; 0.00; 90.87
25203597.150999; 0.00; 0.00; 90.87
25216533.848001; 0.00; 0.00; 90.87
25232460.228001; 0.00; 0.00; 90.87
25249590.305000; 0.00; 0.00; 90.87
25264487.976002; 0.00; 0.00; 90.87
25282584.010000; 0.00; 0.00; 90.87
25296663.983999; 0.00; 0.00; 90.87
25313870.732000; 0.00; 0.00; 90.87
25330342.649000; 0.00; 0.00; 90.87
25344937.448999; 0.00; 0.00; 90.87
25360894.664000; 0.00; 0.00; 90.87
25378454.952999; 0.00; 0.00; 90.87
25392482.065001; 0.00; 0.00; 90.87
25409245.627001; 0.00; 0.00; 90.87
25424456.901001; 0.00; 0.00; 90.87
25440454.609001; 0.00; 0.00; 90.87
25458416.320000; 0.00; 0.00; 90.87
25472466.671999; 0.00; 0.00; 90.87
25489588.467001; 0.00; 0.00; 90.87
25504488.922001; 0.00; 0.00; 90.87
25521242.230999; 0.00; 0.00; 90.87
25537694.354000; 0.00; 0.00; 90.87
25552469.471001; 0.00; 0.00; 90.87
25570384.976999; 0.00; 0.00; 90.87
25584880.963001; 0.00; 0.00; 90.87
25600482.080999; 0.00; 0.00; 90.87
25618074.993999; 0.00; 0.00; 90.87
25633062.729000; 0.00; 0.00; 90.87
25650305.868999; 0.00; 0.00; 90.87
25664468.993000; 0.00; 0.00; 90.87
25681716.427000; 0.00; 0.00; 90.87
25697923.039999; 0.00; 0.00; 90.87
25712489.889999; 0.00; 0.00; 90.87
25729754.105999; 0.00; 0.00; 90.87
25744559.614000; 0.00; 0.00; 90.87
25760476.477001; 0.00; 0.00; 90.87
25778616.453001; 0.00; 0.00; 90.87
25792482.029999; 0.00; 0.00; 90.87
25809750.951000; 0.00; 0.00; 90.87
25828903.552000; 0.00; 0.00; 90.87
25840488.340000; 0.00; 0.00; 90.87
25858595.868999; 0.00; 0.00; 90.87
25872559.407000; 0.00; 0.00; 90.87
25888482.629999; 0.00; 0.00; 90.87
25906398.126999; 0.00; 0.00; 90.87
25922582.175999; 0.00; 0.00; 90.87
25937141.300999; 0.00; 0.00; 90.87
25953366.177000; 0.00; 0.00; 90.87
25970758.115000; 0.00; 0.00; 90.87
25985166.024000; 0.00; 0.00; 90.87
26000499.548000; 0.00; 0.00; 90.87
26019006.993999; 0.00; 0.00; 90.87
26034306.243000; 0.00; 0.00; 90.87
26049117.841000; 0.00; 0.00; 90.87
26065153.559000; 0.00; 0.00; 90.87
26082273.166000; 0.00; 0.00; 90.87
26096587.849998; 0.00; 0.00; 90.87
26112961.547001; 0.00; 0.00; 90.87
26129767.638000; 0.00; 0.00; 90.87
26144472.646999; 0.00; 0.00; 90.87
26162581.741001; 0.00; 0.00; 90.87
26178297.660999; 0.00; 0.00; 90.87
26192774.914000; 0.00; 0.00; 90.87
26208488.903000; 0.00; 0.00; 90.87
26226211.813000; 0.00; 0.00; 90.87
26240559.201000; 0.00; 0.00; 90.87
26256469.951000; 0.00; 0.00; 90.87
26272486.754000; 0.00; 0.00; 90.87
26289701.325001; 0.00; 0.00; 90.87
26304595.588999; 0.00; 0.00; 90.87
26321477.983999; 0.00; 0.00; 90.87
26336531.270000; 0.00; 0.00; 90.87
26353549.753000; 0.00; 0.00; 90.87
26368492.962999; 0.00; 0.00; 90.87
26386821.375000; 0.00; 0.00; 90.87
26400560.448000; 0.00; 0.00; 90.87
26418242.456001; 0.00; 0.00; 90.87
26433762.614000; 0.00; 0.00; 90.87
26448496.576000; 0.00; 0.00; 90.87
26466233.203001; 0.00; 0.00; 90.87
26481275.287001; 0.00; 0.00; 90.87
26496493.316002; 0.00; 0.00; 90.87
26513975.484001; 0.00; 0.00; 90.87
26530359.238998; 0.00; 0.00; 90.87
26544512.950001; 0.00; 0.00; 90.87
26562375.252001; 0.00; 0.00; 90.87
26576737.737000; 0.00; 0.00; 90.87
26592562.453001; 0.00; 0.00; 90.87
26608506.770000; 0.00; 0.00; 90.87
26625521.915001; 0.00; 0.00; 90.87
26640859.500000; 0.00; 0.00; 90.87
26656882.188002; 0.00; 0.00; 90.87
26672481.444000; 0.00; 0.00; 90.87
26689391.157001; 0.00; 0.00; 90.87
26706221.995001; 0.00; 0.00; 90.87
26720517.065001; 0.00; 0.00; 90.87
26738452.504000; 0.00; 0.00; 90.87
26752707.760000; 0.00; 0.00; 90.87
26770705.164999; 0.00; 0.00; 90.87
26784879.202999; 0.00; 0.00; 90.87
26800471.619999; 0.00; 0.00; 90.87
26816898.034000; 0.00; 0.00; 90.87
26832698.337000; 0.00; 0.00; 90.87
26851017.626001; 0.00; 0.00; 90.87
26865766.989000; 0.00; 0.00; 90.87
26880446.184002; 0.00; 0.00; 90.87
26897590.407999; 0.00; 0.00; 90.87
26914566.971001; 0.00; 0.00; 90.87
26929910.318001; 0.00; 0.00; 90.87
26945266.017000; 0.00; 0.00; 90.87
26963351.663000; 0.00; 0.00; 90.87
26976562.466999; 0.00; 0.00; 90.87
26994698.850000; 0.00; 0.00; 90.87
27008499.132000; 0.00; 0.00; 90.87
27025576.772001; 0.00; 0.00; 90.87
27040413.171000; 0.00; 0.00; 90.87
27056965.928001; 0.00; 0.00; 90.87
27074564.523001; 0.00; 0.00; 90.87
27088523.656000; 0.00; 0.00; 90.87
27105601.344999; 0.00; 0.00; 90.87
27121061.092999; 0.00; 0.00; 90.87
27137635.563000; 0.00; 0.00; 90.87
27153957.144999; 0.00; 0.00; 90.87
27168473.528999; 0.00; 0.00; 90.87
27184458.507999; 0.00; 0.00; 90.87
27200483.600000; 0.00; 0.00; 90.87
27217132.439001; 0.00; 0.00; 90.87
27232598.095999; 0.00; 0.00; 90.87
27249611.016001; 0.00; 0.00; 90.87
27266572.677999; 0.00; 0.00; 90.87
27281846.878000; 0.00; 0.00; 90.87
27296488.219002; 0.00; 0.00; 90.87
27314370.546001; 0.00; 0.00; 90.87
27329699.472000; 0.00; 0.00; 90.87
27344512.511000; 0.00; 0.00; 90.87
27362366.740999; 0.00; 0.00; 90.87
27376432.572001; 0.00; 0.00; 90.87
27394596.636002; 0.00; 0.00; 90.87
27408594.127001; 0.00; 0.00; 90.87
27425439.646000; 0.00; 0.00; 90.87
27442177.200001; 0.00; 0.00; 90.87
27456612.328001; 0.00; 0.00; 90.87
27474624.032000; 0.00; 0.00; 90.87
27488487.933001; 0.00; 0.00; 90.87
27505794.775999; 0.00; 0.00; 90.87
27520461.465000; 0.00; 0.00; 90.87
27536925.518999; 0.00; 0.00; 90.87
27554122.167002; 0.00; 0.00; 90.87
27568453.462999; 0.00; 0.00; 90.87
27584774.132999; 0.00; 0.00; 90.87
27600513.235001; 0.00; 0.00; 90.87
27617518.131001; 0.00; 0.00; 90.87
27632965.303001; 0.00; 0.00; 90.87
27650230.028002; 0.00; 0.00; 90.87
27665439.916000; 0.00; 0.00; 90.87
27680491.690001; 0.00; 0.00; 90.87
27696612.181000; 0.00; 0.00; 90.87
27713353.632000; 0.00; 0.00; 90.87
27730057.993000; 0.00; 0.00; 90.87
27744494.243000; 0.00; 0.00; 90.87
27761903.508001; 0.00; 0.00; 90.87
27776466.876999; 0.00; 0.00; 90.87
27794137.938002; 0.00; 0.00; 90.87
27808544.139000; 0.00; 0.00; 90.87
27824685.194000; 0.00; 0.00; 90.87
27841570.463001; 0.00; 0.00; 90.87
27856666.862999; 0.00; 0.00; 90.87
27873858.973000; 0.00; 0.00; 90.87
27890553.030001; 0.00; 0.00; 90.87
27905119.181999; 0.00; 0.00; 90.87
27922276.711000; 0.00; 0.00; 90.87
27936963.193001; 0.00; 0.00; 90.87
27954470.112000; 0.00; 0.00; 90.87
27968463.847000; 0.00; 0.00; 90.87
27984476.958000; 0.00; 0.00; 90.87
28000483.782000; 0.00; 0.00; 90.87
28017266.087000; 0.00; 0.00; 90.87
28034151.517000; 0.00; 0.00; 90.87
28048421.507002; 0.00; 0.00; 90.87
28065192.567999; 0.00; 0.00; 90.87
28080501.473000; 0.00; 0.00; 90.87
28098634.266001; 0.00; 0.00; 90.87
28112465.528000; 0.00; 0.00; 90.87
28130103.084000; 0.00; 0.00; 90.87
28144507.064001; 0.00; 0.00; 90.87
28161245.274000; 0.00; 0.00; 90.87
28176883.740000; 0.00; 0.00; 90.87
28192469.702000; 0.00; 0.00; 90.87
28208623.416000; 0.00; 0.00; 90.87
28226079.825001; 0.00; 0.00; 90.87
28242159.072001; 0.00; 0.00; 90.87
28256478.256001; 0.00; 0.00; 90.87
28274087.709000; 0.00; 0.00; 90.87
28288486.866001; 0.00; 0.00; 90.87
28305800.087000; 0.00; 0.00; 90.87
28322791.587999; 0.00; 0.00; 90.87
28336667.938000; 0.00; 0.00; 90.87
28353964.082001; 0.00; 0.00; 90.87
28368470.403000; 0.00; 0.00; 90.87
28384534.041000; 0.00; 0.00; 90.87
28401953.311001; 0.00; 0.00; 90.87
28416470.691999; 0.00; 0.00; 90.87
28434233.691000; 0.00; 0.00; 90.87
28448465.778999; 0.00; 0.00; 90.87
28465660.381001; 0.00; 0.00; 90.87
28480502.570002; 0.00; 0.00; 90.87
28498576.886999; 0.00; 0.00; 90.87
28512467.093000; 0.00; 0.00; 90.87
28528565.645000; 0.00; 0.00; 90.87
28545482.748001; 0.00; 0.00; 90.87
28560575.712000; 0.00; 0.00; 90.87
28584446.831001; 0.00; 0.00; 90.87
28592446.597000; 0.00; 0.00; 90.87
28608466.300001; 0.00; 0.00; 90.87
28626173.118000; 0.00; 0.00; 90.87
28640480.088001; 0.00; 0.00; 90.87
28658349.710001; 0.00; 0.00; 90.87
28672511.852001; 0.00; 0.00; 90.87
28688481.442001; 0.00; 0.00; 90.34
28704649.782000; 0.00; 0.00; 88.92
28722181.854000; 0.00; 0.00; 87.27
28737774.848999; 0.00; 0.00; 85.95
28752658.535999; 0.00; 0.00; 84.65
28770465.599001; 0.00; 0.00; 82.98
28785066.656000; 0.00; 0.00; 81.66
28801892.374001; 0.00; 0.00; 80.16
28817393.081001; 0.00; 0.00; 78.78
28833254.313000; 0.00; 0.00; 77.36
28849667.952999; 0.00; 0.00; 75.90
28864615.879000; 0.00; 0.00; 74.57
28880499.389000; 0.00; 0.00; 73.23
28896470.958000; 0.00; 0.00; 71.75
28913601.643000; 0.00; 0.00; 70.20
28928494.522001; 0.00; 0.00; 68.93
28945637.243999; 0.00; 0.00; 67.35
28961740.290001; 0.00; 0.00; 65.90
28976524.386000; 0.00; 0.00; 64.68
28993596.140999; 0.00; 0.00; 63.06
29010517.684999; 0.00; 0.00; 61.55
29025389.439001; 0.00; 0.00; 60.33
29040468.087000; 0.00; 0.00; 58.92
29057571.823000; 0.00; 0.00; 57.36
29072479.115999; 0.00; 0.00; 56.14
29089611.750000; 0.00; 0.00; 54.50
29104768.769001; 0.00; 0.00; 53.15
29122291.054001; 0.00; 0.00; 51.59
29137118.504999; 0.00; 0.00; 50.31
29154452.627001; 0.00; 0.00; 48.72
29168538.357000; 0.00; 0.00; 47.49
29184478.907000; 0.00; 0.00; 46.06
29200485.355999; 0.00; 0.00; 44.68
29218065.487001; 0.00; 0.00; 43.04
29233065.034000; 0.00; 0.00; 41.71
29248638.521999; 0.00; 0.00; 40.43
29266256.801001; 0.00; 0.00; 38.75
29282278.726999; 0.00; 0.00; 37.38
29296474.102001; 0.00; 0.00; 36.12
29312459.973000; 0.00; 0.00; 34.64
29330037.091000; 0.00; 0.00; 33.06
29344818.714001; 0.00; 0.00; 31.74
29360531.127001; 0.00; 0.00; 30.52
29377219.813002; 0.00; 0.00; 28.85
29392517.356001; 0.00; 0.00; 27.62
29408623.821001; 0.00; 0.00; 26.05
29424470.767000; 0.00; 0.00; 24.75
29440470.064999; 0.00; 0.00; 23.28
29456713.800001; 0.00; 0.00; 21.76
29473466.739000; 0.00; 0.00; 20.27
29490602.323999; 0.00; 0.00; 18.74
29505299.672998; 0.00; 0.00; 17.43
29522111.636999; 0.00; 0.00; 15.93
29536552.853001; 0.00; 0.00; 14.67
29553734.466002; 0.00; 0.00; 13.13
29568745.963001; 0.00; 0.00; 11.83
29586594.751999; 0.00; 0.00; 10.19
29600645.779001; 0.00; 0.00; 8.92
29617753.536001; 0.00; 0.00; 7.40
29633435.603001; 0.00; 0.00; 6.00
29650922.373001; 0.00; 0.00; 4.44
29665555.122000; 0.00; 0.00; 3.13
29680477.272999; 0.00; 0.00; 1.89
29696467.699999; 0.00; 0.00; 1.59
29713449.473000; 0.00; 0.00; 1.57
29728467.421001; 0.00; 0.00; 1.56
29744500.704000; 0.00; 0.00; 1.55
29761960.823000; 0.00; 0.00; 1.54
29776915.023001; 0.00; 0.00; 1.52
29793346.201000; 0.00; 0.00; 1.51
29808675.528000; 0.00; 0.00; 1.50
29827895.996000; 0.00; 0.00; 1.48
29842185.203001; 0.00; 0.00; 1.47
29857835.807999; 0.00; 0.00; 1.46
29872529.661999; 0.00; 0.00; 1.45
29889680.669001; 0.00; 0.00; 1.43
29904515.421000; 0.00; 0.00; 1.42
29920502.486000; 0.00; 0.00; 1.41
29938049.456001; 0.00; 0.00; 1.40
29952594.802000; 0.00; 0.00; 1.38
29968903.952000; 0.00; 0.00; 1.37
29985494.414999; 0.00; 0.00; 1.36
30000526.348000; 0.00; 0.00; 1.35
30017940.858999; 0.00; 0.00; 1.33
30032486.090000; 0.00; 0.00; 1.32
30050708.602999; 0.00; 0.00; 1.31
30065975.314001; 0.00; 0.00; 1.29
30080464.237000; 0.00; 0.00; 1.28
30098060.691000; 0.00; 0.00; 1.27
30112464.729000; 0.00; 0.00; 1.26
30129294.959002; 0.00; 0.00; 1.24
30144450.191002; 0.00; 0.00; 1.23
30161246.267000; 0.00; 0.00; 1.22
30176474.461000; 0.00; 0.00; 1.21
30193157.355001; 0.00; 0.00; 1.19
30208480.459000; 0.00; 0.00; 1.18
30226269.824999; 0.00; 0.00; 1.17
30240495.576000; 0.00; 0.00; 1.16
30256341.809999; 0.00; 0.00; 1.14
30273168.562000; 0.00; 0.00; 1.13
30290455.054001; 0.00; 0.00; 1.12
30304476.310999; 0.00; 0.00; 1.11
30321683.416000; 0.00; 0.00; 1.09
30337434.709999; 0.00; 0.00; 1.08
30352516.025000; 0.00; 0.00; 1.07
30369578.186001; 0.00; 0.00; 1.05
30384445.440001; 0.00; 0.00; 1.04
30402208.498999; 0.00; 0.00; 1.03
30416835.691000; 0.00; 0.00; 1.02
30434267.540001; 0.00; 0.00; 1.00
30450017.040998; 0.00; 0.00; 0.99
30465574.909000; 0.00; 0.00; 0.98
30481964.930000; 0.00; 0.00; 0.96
30496508.770000; 0.00; 0.00; 0.95
30512480.271000; 0.00; 0.00; 0.94
30530014.159000; 0.00; 0.00; 0.93
30544457.643000; 0.00; 0.00; 0.91
30561123.563000; 0.00; 0.00; 0.90
30582684.191000; 0.00; 0.00; 0.89
30593279.671000; 0.00; 0.00; 0.88
30609651.097000; 0.00; 0.00; 0.86
30624492.073000; 0.00; 0.00; 0.85
30640687.396000; 0.00; 0.00; 0.84
30656479.445000; 0.00; 0.00; 0.83
30672482.444000; 0.00; 0.00; 0.81
30688956.031000; 0.00; 0.00; 0.81
30704539.262001; 0.00; 0.00; 0.81
30721901.493000; 0.00; 0.00; 0.81
30736811.951000; 0.00; 0.00; 0.81
30752594.320000; 0.00; 0.00; 0.81
30770471.691000; 0.00; 0.00; 0.81
30784456.566000; 0.00; 0.00; 0.81
30800469.084999; 0.00; 0.00; 0.81
30817178.245001; 0.00; 0.00; 0.81
30832728.870001; 0.00; 0.00; 0.81
30849363.646999; 0.00; 0.00; 0.81
30864457.473999; 0.00; 0.00; 0.81
30880684.520000; 0.00; 0.00; 0.81
30897681.029001; 0.00; 0.00; 0.81
30912652.177999; 0.00; 0.00; 0.81
30929166.104000; 0.00; 0.00; 0.81
30946282.031000; 0.00; 0.00; 0.81
30960494.056000; 0.00; 0.00; 0.81
30977574.653000; 0.00; 0.00; 0.81
30992861.590000; 0.00; 0.00; 0.81
31009162.781000; 0.00; 0.00; 0.81
31027100.070000; 0.00; 0.00; 0.81
31041155.692001; 0.00; 0.00; 0.81
31056931.191000; 0.00; 0.00; 0.81
31073674.975000; 0.00; 0.00; 0.81
31088806.607000; 0.00; 0.00; 0.81
31106453.916000; 0.00; 0.00; 0.81
31120538.350000; 0.00; 0.00; 0.81
31136760.341000; 0.00; 0.00; 0.81
31154621.332001; 0.00; 0.00; 0.81
31168994.934999; 0.00; 0.00; 0.81
31184482.046999; 0.00; 0.00; 0.81
31200459.260000; 0.00; 0.00; 0.81
31218540.041000; 0.00; 0.00; 0.81
31232780.459000; 0.00; 0.00; 0.81
31250618.431000; 0.00; 0.00; 0.81
31266496.558001; 0.00; 0.00; 0.81
31282516.076000; 0.00; 0.00; 0.81
31296790.980001; 0.00; 0.00; 0.81
31312796.627001; 0.00; 0.00; 0.81
31330144.728001; 0.00; 0.00; 0.81
31344455.099001; 0.00; 0.00; 0.81
31361544.642000; 0.00; 0.00; 0.81
31376474.991001; 0.00; 0.00; 0.81
31392973.351000; 0.00; 0.00; 0.81
31410937.906000; 0.00; 0.00; 0.81
31424540.184999; 0.00; 0.00; 0.81
31441406.804001; 0.00; 0.00; 0.81
31456550.841000; 0.00; 0.00; 0.81
31472475.296999; 0.00; 0.00; 0.81
31488483.650002; 0.00; 0.00; 0.81
31505595.996000; 0.00; 0.00; 0.81
31520706.184000; 0.00; 0.00; 0.81
31538288.181000; 0.00; 0.00; 0.81
31553014.472000; 0.00; 0.00; 0.81
31570776.219000; 0.00; 0.00; 0.81
31586566.417000; 0.00; 0.00; 0.81
31600696.618999; 0.00; 0.00; 0.81
31616472.722000; 0.00; 0.00; 0.81
31633957.695999; 0.00; 0.00; 0.81
31649530.712000; 0.00; 0.00; 0.81
31664499.014000; 0.00; 0.00; 0.81
31682351.199001; 0.00; 0.00; 0.81
31696707.885000; 0.00; 0.00; 0.81
31714513.396000; 0.00; 0.00; 0.81
31728663.313999; 0.00; 0.00; 0.81
31745470.823999; 0.00; 0.00; 0.81
31762603.470001; 0.00; 0.00; 0.81
31776464.427000; 0.00; 0.00; 0.81
31792490.650999; 0.00; 0.00; 0.81
31810160.386000; 0.00; 0.00; 0.81
31826277.733000; 0.00; 0.00; 0.81
31840496.831001; 0.00; 0.00; 0.81
31856665.896999; 0.00; 0.00; 0.81
31872581.289999; 0.00; 0.00; 0.81
31890298.644999; 0.00; 0.00; 0.81
31904504.351000; 0.00; 0.00; 0.81
31920719.594000; 0.00; 0.00; 0.81
31937582.455999; 0.00; 0.00; 0.81
31952771.781000; 0.00; 0.00; 0.81
31970383.802999; 0.00; 0.00; 0.81
31984468.157999; 0.00; 0.00; 0.81
32001490.585001; 0.00; 0.00; 0.81
32016768.656000; 0.00; 0.00; 0.81
32032452.609001; 0.00; 0.00; 0.81
32049985.489000; 0.00; 0.00; 0.81
32065674.059000; 0.00; 0.00; 0.81
32080473.982000; 0.00; 0.00; 0.81
32096546.548000; 0.00; 0.00; 0.81
32113791.375999; 0.00; 0.00; 0.81
32128465.774000; 0.00; 0.00; 0.81
32145564.723000; 0.00; 0.00; 0.81
32160473.734001; 0.00; 0.00; 0.81
32176734.869999; 0.00; 0.00; 0.81
32192480.387001; 0.00; 0.00; 0.81
32208505.463001; 0.00; 0.00; 0.81
32224468.153999; 0.00; 0.00; 0.81
32240483.776001; 0.00; 0.00; 0.81
32258694.227999; 0.00; 0.00; 0.81
32272382.761999; 0.00; 0.00; 0.81
32289507.551001; 0.00; 0.00; 0.81
32304959.285000; 0.00; 0.00; 0.81
32322082.256001; 0.00; 0.00; 0.81
32337972.247000; 0.00; 0.00; 0.81
32352614.322001; 0.00; 0.00; 0.81
32369916.694000; 0.00; 0.00; 0.81
32384507.319000; 0.00; 0.00; 0.81
32402547.193001; 0.00; 0.00; 0.81
32416943.007000; 0.00; 0.00; 0.81
32432465.503000; 0.00; 0.00; 0.81
32449878.010000; 0.00; 0.00; 0.81
32464451.462000; 0.00; 0.00; 0.81
32481080.497000; 0.00; 0.00; 0.81
32498496.268999; 0.00; 0.00; 0.81
32512471.684000; 0.00; 0.00; 0.81
32528592.125999; 0.00; 0.00; 0.81
32544487.556000; 0.00; 0.00; 0.81
32560485.441000; 0.00; 0.00; 0.81
32582479.549002; 0.00; 0.00; 0.81
32593713.934000; 0.00; 0.00; 0.81
32610421.774000; 0.00; 0.00; 0.81
32624498.330000; 0.00; 0.00; 0.81
32640631.570000; 0.00; 0.00; 0.81
32656497.792000; 0.00; 0.00; 0.81
32673873.005001; 0.00; 0.00; 0.81
32690198.792999; 0.00; 0.00; 0.81
32704632.722000; 0.00; 0.00; 0.81
32721219.254999; 0.00; 0.00; 0.81
32737967.684000; 0.00; 0.00; 0.81
32752773.980001; 0.00; 0.00; 0.81
32769233.865999; 0.00; 0.00; 0.81
32784486.862000; 0.00; 0.00; 0.81
32800462.665001; 0.00; 0.00; 0.81
32818389.710999; 0.00; 0.00; 0.81
32832460.822001; 0.00; 0.00; 0.81
32850725.614000; 0.00; 0.00; 0.81
32864584.659000; 0.00; 0.00; 0.81
32881950.440001; 0.00; 0.00; 0.81
32896492.559000; 0.00; 0.00; 0.81
32914334.235001; 0.00; 0.00; 0.81
32928478.462999; 0.00; 0.00; 0.81
32944764.448000; 0.00; 0.00; 0.81
32960536.380001; 0.00; 0.00; 0.81
32978524.700001; 0.00; 0.00; 0.81
32992481.269999; 0.00; 0.00; 0.81
33009604.283001; 0.00; 0.00; 0.81
33024572.361000; 0.00; 0.00; 0.81
33040674.887001; 0.00; 0.00; 0.81
33057953.421000; 0.00; 0.00; 0.81
33072468.563999; 0.00; 0.00; 0.81
33088471.769999; 0.00; 0.00; 0.81
33104527.708000; 0.00; 0.00; 0.81
33122073.816999; 0.00; 0.00; 0.81
33136990.823999; 0.00; 0.00; 0.81
33154013.703001; 0.00; 0.00; 0.81
33168470.750000; 0.00; 0.00; 0.81
33186615.970001; 0.00; 0.00; 0.81
33200434.217001; 0.00; 0.00; 0.81
33217826.520000; 0.00; 0.00; 0.81
33232464.266001; 0.00; 0.00; 0.81
33249706.134001; 0.00; 0.00; 0.81
33264578.599001; 0.00; 0.00; 0.81
33281922.122000; 0.00; 0.00; 0.81
33296456.933001; 0.00; 0.00; 0.81
33313732.673000; 0.00; 0.00; 0.81
33330497.055000; 0.00; 0.00; 0.81
33344639.750000; 0.00; 0.00; 0.81
33362696.215000; 0.00; 0.00; 0.81
33377270.408001; 0.00; 0.00; 0.81
33394362.254002; 0.00; 0.00; 0.81
33408985.200001; 0.00; 0.00; 0.81
33426880.855001; 0.00; 0.00; 0.81
33440544.409000; 0.00; 0.00; 0.81
33457610.414000; 0.00; 0.00; 0.81
33473311.412001; 0.00; 0.00; 0.81
33490041.732000; 0.00; 0.00; 0.81
33504614.558001; 0.00; 0.00; 0.81
33520640.358999; 0.00; 0.00; 0.81
33538182.552000; 0.00; 0.00; 0.81
33554799.359999; 0.00; 0.00; 0.81
33570189.378000; 0.00; 0.00; 0.81
33584450.618000; 0.00; 0.00; 0.81
33601531.532000; 0.00; 0.00; 0.81
33616666.548000; 0.00; 0.00; 0.81
33634091.361000; 0.00; 0.00; 0.81
33648812.708000; 0.00; 0.00; 0.81
33666849.972000; 0.00; 0.00; 0.81
33680470.675999; 0.00; 0.00; 0.81
33697883.826000; 0.00; 0.00; 0.81
33712360.590000; 0.00; 0.00; 0.81
33728735.873001; 0.00; 0.00; 0.81
33747066.189001; 0.00; 0.00; 0.81
33760463.516998; 0.00; 0.00; 0.81
33777785.608000; 0.00; 0.00; 0.81
33792467.137001; 0.00; 0.00; 0.81
33808643.394001; 0.00; 0.00; 0.81
33827492.488001; 0.00; 0.00; 0.81
33841475.202000; 0.00; 0.00; 0.81
33856460.150000; 0.00; 0.00; 0.81
33874485.123001; 0.00; 0.00; 0.81
33888662.519001; 0.00; 0.00; 0.81
33906159.620001; 0.00; 0.00; 0.81
33921147.709000; 0.00; 0.00; 0.81
33936790.005001; 0.00; 0.00; 0.81
33953890.497999; 0.00; 0.00; 0.81
33968610.377001; 0.00; 0.00; 0.81
33986077.777000; 0.00; 0.00; 0.81
34000461.282999; 0.00; 0.00; 0.81
34016918.462002; 0.00; 0.00; 0.81
34034442.529001; 0.00; 0.00; 0.81
34050707.653999; 0.00; 0.00; 0.81
34065583.171999; 0.00; 0.00; 0.81
34080479.625000; 0.00; 0.00; 0.81
34097140.640001; 0.00; 0.00; 0.81
34112470.702002; 0.00; 0.00; 0.81
34129298.504000; 0.00; 0.00; 0.81
34145846.851002; 0.00; 0.00; 0.81
34160570.042000; 0.00; 0.00; 0.81
34178710.619001; 0.00; 0.00; 0.81
34192698.195000; 0.00; 0.00; 0.81
34208468.938002; 0.00; 0.00; 0.81
34225956.139000; 0.00; 0.00; 0.81
34243014.353001; 0.00; 0.00; 0.81
34256518.322001; 0.00; 0.00; 0.81
34275149.626999; 0.00; 0.00; 0.81
34288478.076000; 0.00; 0.00; 0.81
34305085.902000; 0.00; 0.00; 0.81
34320350.417000; 0.00; 0.00; 0.81
34337358.528999; 0.00; 0.00; 0.81
34352778.268999; 0.00; 0.00; 0.81
34368918.097000; 0.00; 0.00; 0.81
34386535.594000; 0.00; 0.00; 0.81
34400793.745998; 0.00; 0.00; 0.81
34418453.946001; 0.00; 0.00; 0.81
34432469.145000; 0.00; 0.00; 0.81
34450439.093000; 0.00; 0.00; 0.81
34464469.627001; 0.00; 0.00; 0.81
34481865.813999; 0.00; 0.00; 0.81
34496479.199001; 0.00; 0.00; 0.81
