t; x; y; theta
752393.951000; 0.00; 0.00; 0.00
768441.224000; 0.00; 0.00; 0.00
784457.518000; 0.00; 0.00; 0.00
800882.566000; 0.00; 0.00; 0.00
822114.304000; 0.00; 0.00; 0.00
833135.216000; 0.00; 0.00; 0.00
848656.561000; 0.00; 0.00; 0.00
865992.935000; 0.00; 0.00; 0.00
892980.015000; 0.00; 0.00; 0.00
906002.510000; 0.00; 0.00; 0.00
912744.173000; 0.00; 0.00; 0.00
930641.233000; 0.00; 0.00; 0.00
946076.778000; 0.00; 0.00; 0.00
960906.536000; 0.00; 0.00; 0.00
976594.456000; 0.00; 0.00; 0.00
1002089.711000; 0.00; 0.00; 0.00
1010022.840000; 0.00; 0.00; 0.00
1029740.935000; 0.00; 0.00; 0.00
1045426.451000; 0.00; 0.00; 0.00
1057643.253000; 0.00; 0.00; 0.00
1074032.328000; 0.00; 0.00; 0.00
1091513.688000; 0.00; 0.00; 0.00
1104729.186000; 0.00; 0.00; 0.00
1121550.071000; 0.00; 0.00; 0.00
1136776.414000; 0.00; 0.00; 0.00
1152690.912000; 0.00; 0.00; 0.00
1169251.917000; 0.00; 0.00; 0.00
1185335.783000; 0.00; 0.00; 0.00
1200422.508000; 0.00; 0.00; 0.00
1216457.186000; 0.00; 0.00; 0.00
1232390.960000; 0.00; 0.00; 0.00
1250066.756000; 0.00; 0.00; 0.00
1264562.053000; 0.00; 0.00; 0.00
1280472.594000; 0.00; 0.00; 0.00
1296462.358000; 0.00; 0.00; 0.00
1312426.497000; 0.00; 0.00; 0.00
1330089.338000; 0.00; 0.00; 0.00
1345536.042000; 0.00; 0.00; 0.00
1360933.517000; 0.00; 0.00; 0.00
1376477.494000; 0.00; 0.00; 0.00
1392466.844000; 0.00; 0.00; 0.00
1408421.462000; 0.00; 0.00; 0.00
1425525.795000; 0.00; 0.00; 0.00
1440479.244000; 0.00; 0.00; 0.00
1456420.184000; 0.00; 0.00; 0.00
1472841.927000; 0.00; 0.00; 0.00
1488438.949000; 0.00; 0.00; 0.00
1505575.782000; 0.00; 0.00; 0.00
1520445.008000; 0.00; 0.00; 0.00
1536558.617000; 0.00; 0.00; 0.00
1552696.339000; 0.00; 0.00; 0.00
1568446.837000; 0.00; 0.00; 0.00
1586560.684000; 0.00; 0.00; 0.00
1600889.672000; 0.00; 0.00; 0.00
1633206.619000; 0.00; 0.00; 0.00
1640013.077000; 0.00; 0.00; 0.00
1649551.622000; 0.00; 0.00; 0.00
1664466.683000; 0.00; 0.00; 0.00
1680567.017000; 0.00; 0.00; 0.00
1696455.254000; 0.00; 0.00; 0.00
1712482.765000; 0.00; 0.00; 0.00
1729444.674000; 0.00; 0.00; 0.00
1744471.330000; 0.00; 0.00; 0.00
1761151.244000; 0.00; 0.00; 0.00
1783344.264000; 0.00; 0.00; 0.00
1799506.647000; 0.00; 0.00; 0.00
1808341.091000; 0.00; 0.00; 0.00
1825080.990000; 0.00; 0.00; 0.00
1842632.015000; 0.00; 0.00; 0.00
1856415.606000; 0.00; 0.00; 0.00
1873344.103000; 0.00; 0.00; 0.00
1889565.445000; 0.00; 0.00; 0.00
1905207.567000; 0.00; 0.00; 0.00
1922221.291000; 0.00; 0.00; 0.00
1937740.923000; 0.00; 0.00; 0.00
1953299.296000; 0.00; 0.00; 0.00
1968442.086000; 0.00; 0.00; 0.00
1984742.251000; 0.00; 0.00; 0.00
2002227.409000; 0.00; 0.00; 0.00
2018029.913000; 0.00; 0.00; 0.00
2037710.152000; 0.00; 0.00; 0.00
2049079.960000; 0.00; 0.00; 0.00
2064654.260000; 0.00; 0.00; 0.00
2080765.275000; 0.00; 0.00; 0.00
2096479.930000; 0.00; 0.00; 0.00
2112737.388000; 0.00; 0.00; 0.00
2128433.825000; 0.00; 0.00; 0.00
2153703.742000; 0.00; 0.00; 0.00
2161213.594000; 0.00; 0.00; 0.00
2176590.405000; 0.00; 0.00; 0.00
2192501.065000; 0.00; 0.00; 0.00
2209659.230000; 0.00; 0.00; 0.00
2224437.520000; 0.00; 0.00; 0.00
2240445.635000; 0.00; 0.00; 0.00
2256463.157000; 0.00; 0.00; 0.00
2272356.712000; 0.00; 0.00; 0.00
2288431.643000; 0.00; 0.00; 0.00
2304590.931000; 0.00; 0.00; 0.00
2320428.336000; 0.00; 0.00; 0.00
2337185.272000; 0.00; 0.00; 0.00
2354193.394000; 0.00; 0.00; 0.00
2368426.809000; 0.00; 0.00; 0.00
2384427.458000; 0.00; 0.00; 0.00
2400642.584000; 0.00; 0.00; 0.00
2416656.940000; 0.00; 0.00; 0.00
2432451.655000; 0.00; 0.00; 0.00
2448439.863000; 0.00; 0.00; 0.00
2467250.677000; 0.00; 0.00; 0.00
2483715.006000; 0.00; 0.00; 0.00
2496430.838000; 0.00; 0.00; 0.00
2512552.373000; 0.00; 0.00; 0.00
2529735.074000; 0.00; 0.00; 0.00
2544447.190000; 0.00; 0.00; 0.00
2560806.543000; 0.00; 0.00; 0.00
2576446.007000; 0.00; 0.00; 0.00
2593421.550000; 0.00; 0.00; 0.00
2608510.992000; 0.00; 0.00; 0.00
2625724.786000; 0.00; 0.00; 0.00
2641517.594000; 0.00; 0.00; 0.00
2657188.300000; 0.00; 0.00; 0.00
2672597.802000; 0.00; 0.00; 0.00
2688433.964000; 0.00; 0.00; 0.00
2704456.856000; 0.00; 0.00; 0.00
2721128.565000; 0.00; 0.00; 0.00
2737024.943000; 0.00; 0.00; 0.00
2752445.988000; 0.00; 0.00; 0.00
2770282.568000; 0.00; 0.00; 0.00
2784491.877000; 0.00; 0.00; 0.00
2800514.402000; 0.00; 0.00; 0.00
2816525.674000; 0.00; 0.00; 0.00
2832657.662000; 0.00; 0.00; 0.00
2848536.145000; 0.00; 0.00; 0.00
2864438.964000; 0.00; 0.00; 0.00
2881259.933000; 0.00; 0.00; 0.00
2897202.137000; 0.00; 0.00; 0.00
2912379.949000; 0.00; 0.00; 0.00
2928777.808000; 0.00; 0.00; 0.00
2944439.899000; 0.00; 0.00; 0.00
2960654.717000; 0.00; 0.00; 0.00
2983346.568000; 0.00; 0.00; 0.00
2992362.375000; 0.00; 0.00; 0.00
3008429.130000; 0.00; 0.00; 0.00
3024546.043000; 0.00; 0.00; 0.00
3041301.152000; 0.00; 0.00; 0.00
3056427.098000; 0.00; 0.00; 0.00
3074421.984000; 0.00; 0.00; 0.00
3088542.366000; 0.00; 0.00; 0.00
3105179.316000; 0.00; 0.00; 0.00
3120542.093000; 0.00; 0.00; 0.00
3136436.560000; 0.00; 0.00; 0.00
3152439.558000; 0.00; 0.00; 0.00
3169214.604000; 0.00; 0.00; 0.00
3185269.500000; 0.00; 0.00; 0.00
3201379.115000; 0.00; 0.00; 0.00
3217467.712000; 0.00; 0.00; 0.00
3232791.566000; 0.00; 0.00; 0.00
3248469.248000; 0.00; 0.00; 0.00
3264492.624000; 0.00; 0.00; 0.00
3280569.763000; 0.00; 0.00; 0.00
3296526.322000; 0.00; 0.00; 0.00
3312572.102000; 0.00; 0.00; 0.00
3328705.788000; 0.00; 0.00; 0.00
3348690.671000; 0.00; 0.00; 0.00
3361578.123000; 0.00; 0.00; 0.00
3376664.731000; 0.00; 0.00; 0.00
3392337.308000; 0.00; 0.00; 0.00
3408459.193000; 0.00; 0.00; 0.00
3425083.727000; 0.00; 0.00; 0.00
3442305.407000; 0.00; 0.00; 0.00
3456423.707000; 0.00; 0.00; 0.00
3472429.370000; 0.00; 0.00; 0.00
3488515.122000; 0.00; 0.00; 0.00
3504501.792000; 0.00; 0.00; 0.00
3520748.108000; 0.00; 0.00; 0.00
3536550.429000; 0.00; 0.00; 0.00
3563445.321000; 0.00; 0.00; 0.00
3578962.717000; 0.00; 0.00; 0.00
3585470.818000; 0.00; 0.00; 0.00
3601775.714000; 0.00; 0.00; 0.00
3617420.648000; 0.00; 0.00; 0.00
3633093.968000; 0.00; 0.00; 0.00
3653780.940000; 0.00; 0.00; 0.00
3676224.901000; 0.00; 0.00; 0.00
3682285.090000; 0.00; 0.00; 0.00
3696738.244000; 0.00; 0.00; 0.00
3713843.548000; 0.00; 0.00; 0.00
3728467.232000; 0.00; 0.00; 0.00
3744532.357000; 0.00; 0.00; 0.00
3760678.012000; 0.00; 0.00; 0.00
3776737.273000; 0.00; 0.00; 0.00
3793354.772000; 0.00; 0.00; 0.00
3808470.194000; 0.00; 0.00; 0.00
3824505.213000; 0.00; 0.00; 0.00
3841900.899000; 0.00; 0.00; 0.00
3857267.390000; 0.00; 0.00; 0.00
3872638.242000; 0.00; 0.00; 0.00
3888494.033000; 0.00; 0.00; 0.00
3904711.232000; 0.00; 0.00; 0.00
3920601.143000; 0.00; 0.00; 0.00
3936488.074000; 0.00; 0.00; 0.00
3953372.368000; 0.00; 0.00; 0.00
3968671.511000; 0.00; 0.00; 0.00
3984485.319000; 0.00; 0.00; 0.00
4000619.148000; 0.00; 0.00; 0.00
4016424.754000; 0.00; 0.00; 0.00
4032769.553000; 0.00; 0.00; 0.00
4049546.461000; 0.00; 0.00; 0.00
4065344.967000; 0.00; 0.00; 0.00
4081440.544000; 0.00; 0.00; 0.00
4106119.755000; 0.00; 0.00; 0.00
4192625.822000; 0.00; 0.00; 0.00
4199847.262000; 0.00; 0.00; 0.00
4216950.956000; 0.00; 0.00; 0.00
4231994.042000; 0.00; 0.00; 0.00
4247845.314000; 0.00; 0.00; 0.00
4263834.282000; 0.00; 0.00; 0.00
4293490.906000; 0.00; 0.00; 0.00
4299358.146000; 0.00; 0.00; 0.00
4386074.881000; 0.00; 0.00; 0.00
4401731.498000; 0.00; 0.00; 0.00
4418244.176000; 0.00; 0.00; 0.00
4472619.174000; 0.00; 0.00; 0.00
6485847.375000; 0.00; 0.00; 0.00
6504209.440000; 0.00; 0.00; 0.00
6520661.097000; 0.00; 0.00; 0.00
6534211.423000; 0.00; 0.00; 0.00
6550663.495000; 0.00; 0.00; 0.00
6567166.687000; 0.00; 0.00; 0.00
6582013.523000; 0.00; 0.00; 0.00
6597957.068000; 0.00; 0.00; 0.00
6614610.951000; 0.00; 0.00; 0.00
6630032.206000; 0.00; 0.00; 0.00
6646659.467000; 0.00; 0.00; 0.00
6662636.411000; 0.00; 0.00; 0.00
6679087.472000; 0.00; 0.00; 0.00
6695269.267000; 0.00; 0.00; 0.00
6710831.312000; 0.00; 0.00; 0.00
6727440.366000; 0.00; 0.00; 0.00
6743306.044000; 0.00; 0.00; 0.00
6760168.189000; 0.00; 0.00; 0.00
6777208.668000; 0.00; 0.00; 0.00
6789930.042000; 0.00; 0.00; 0.00
6805952.636000; 0.00; 0.00; 0.00
6821978.431000; 0.00; 0.00; 0.00
6837996.343000; 0.00; 0.00; 0.00
6854307.364000; 0.00; 0.00; 0.00
6869963.516000; 0.00; 0.00; 0.00
6885972.958000; 0.00; 0.00; 0.00
6901953.419000; 0.00; 0.00; 0.00
6917981.046000; 0.00; 0.00; 0.00
6933964.028000; 0.00; 0.00; 0.00
6950079.173000; 0.00; 0.00; 0.00
6965939.615000; 0.00; 0.00; 0.00
6982042.945000; 0.00; 0.00; 0.00
6998159.964000; 0.00; 0.00; 0.00
7013914.758000; 0.00; 0.00; 0.00
7029994.439000; 0.00; 0.00; 0.00
7046071.875000; 0.00; 0.00; 0.00
7061945.476000; 0.00; 0.00; 0.00
7078645.521000; 0.00; 0.00; 0.00
7094244.939000; 0.00; 0.00; 0.00
7110633.225000; 0.00; 0.00; 0.00
7127697.222000; 0.00; 0.00; 0.00
7144677.299000; 0.00; 0.00; 0.00
7160684.485000; 0.00; 0.00; 0.00
7175238.004000; 0.00; 0.00; 0.00
7195154.116000; 0.00; 0.00; 0.00
7205934.943000; 0.00; 0.00; 0.00
7222125.723000; 0.00; 0.00; 0.00
7238164.661000; 0.00; 0.00; 0.00
7254241.117000; 0.00; 0.00; 0.00
7270311.801000; 0.00; 0.00; 0.00
7289215.890000; 0.00; 0.00; 0.00
7303723.321000; 0.00; 0.00; 0.00
7320260.394000; 0.00; 0.00; 0.00
7335344.317000; 0.00; 0.00; 0.00
7350085.933000; 0.00; 0.00; 0.00
7369661.248000; 0.00; 0.00; 0.00
7382226.902000; 0.00; 0.00; 0.00
7401957.389000; 0.00; 0.00; 0.00
7414113.947000; 0.00; 0.00; 0.00
7435723.695000; 0.00; 0.00; 0.00
7446026.643000; 0.00; 0.00; 0.00
7463549.319000; 0.00; 0.00; 0.00
7494430.352000; 0.00; 0.00; 0.00
7504320.067000; 0.00; 0.00; 0.00
7526830.014000; 0.00; 0.00; 0.00
7534657.616000; 0.00; 0.00; 0.00
7542102.338000; 0.00; 0.00; 0.00
7558220.791000; 0.00; 0.00; 0.00
7573998.485000; 0.00; 0.00; 0.00
7590261.813000; 0.00; 0.00; 0.00
7605974.999000; 0.00; 0.00; 0.00
7622872.588000; 0.00; 0.00; 0.00
7657155.883000; 0.00; 0.00; 0.00
7681720.028000; 0.00; 0.00; 0.00
7696469.854000; 0.00; 0.00; 0.00
7708841.352000; 0.00; 0.00; 0.00
7729219.959000; 0.00; 0.00; 0.00
7768211.532000; 0.00; 0.00; 0.00
7777585.442000; 0.00; 0.00; 0.00
7793738.825000; 0.00; 0.00; 0.00
7809994.697000; 0.00; 0.00; 0.00
7826813.606000; 0.00; 0.00; 0.00
7854046.140000; 0.00; 0.00; 0.00
7887963.996000; 0.00; 0.00; 0.00
7905205.795000; 0.00; 0.00; 0.00
7912673.752000; 0.00; 0.00; 0.00
7928483.854000; 0.00; 0.00; 0.00
7947897.365000; 0.00; 0.00; 0.00
7959183.419000; 0.00; 0.00; 0.00
7974214.293000; 0.00; 0.00; 0.00
7990727.477000; 0.00; 0.00; 0.00
8006613.374000; 0.00; 0.00; 0.00
8022139.663000; 0.00; 0.00; 0.00
8038209.960000; 0.00; 0.00; 0.00
8054210.053000; 0.00; 0.00; 0.00
8070263.574000; 0.00; 0.00; 0.00
8104173.229000; 0.00; 0.00; 0.00
8112341.098000; 0.00; 0.00; 0.00
8119262.022000; 0.00; 0.00; 0.00
8160096.521000; 0.00; 0.00; 0.00
8168711.710000; 0.00; 0.00; 0.00
8200061.119000; 0.00; 0.00; 0.00
8207720.024000; 0.00; 0.00; 0.00
8224090.840000; 0.00; 0.00; 0.00
8232380.443000; 0.00; 0.00; 0.00
8248217.795000; 0.00; 0.00; 0.00
8265126.720000; 0.00; 0.00; 0.00
8287926.035000; 0.00; 0.00; 0.00
8295408.516000; 0.00; 0.00; 0.00
8312779.971000; 0.00; 0.00; 0.00
8341993.383000; 0.00; 0.00; 0.00
8352788.485000; 0.00; 0.00; 0.00
8366037.669000; 0.00; 0.00; 0.00
8384306.573000; 0.00; 0.00; 0.00
8391035.166000; 0.00; 0.00; 0.00
8407060.881000; 0.00; 0.00; 0.00
8423060.008000; 0.00; 0.00; 0.00
8439055.627000; 0.00; 0.00; 0.00
8455335.779000; 0.00; 0.00; 0.00
8471384.644000; 0.00; 0.00; 0.00
8524429.461000; 0.00; 0.00; 0.00
8786119.825000; 0.00; 0.00; 0.00
8794928.285000; 0.00; 0.00; 0.00
8809781.238000; 0.00; 0.00; 0.00
8824210.760000; 0.00; 0.00; 0.00
8839975.760000; 0.00; 0.00; 0.00
8856081.810000; 0.00; 0.00; 0.00
8872271.922000; 0.00; 0.00; 0.00
8887882.163000; 0.00; 0.00; 0.00
8904177.330000; 0.00; 0.00; 0.00
8919932.134000; 0.00; 0.00; 0.00
8935982.050000; 0.00; 0.00; 0.00
8951996.946000; 0.00; 0.00; 0.00
8967958.289000; 0.00; 0.00; 0.00
8983937.281000; 0.00; 0.00; 0.00
9000216.667000; 0.00; 0.00; 0.00
9016018.264000; 0.00; 0.00; 0.00
9035441.271000; 0.00; 0.00; 0.00
9047906.540000; 0.00; 0.00; 0.00
9064051.174000; 0.00; 0.00; 0.00
9080070.131000; 0.00; 0.00; 0.00
9096434.824000; 0.00; 0.00; 0.00
9114965.508000; 0.00; 0.00; 0.00
9127878.415000; 0.00; 0.00; 0.00
9143867.966000; 0.00; 0.00; 0.00
9159967.767000; 0.00; 0.00; 0.00
9175971.203000; 0.00; 0.00; 0.00
9197863.179000; 0.00; 0.00; 0.00
9220016.808000; 0.00; 0.00; 0.00
9228003.667000; 0.00; 0.00; 0.00
9240242.197000; 0.00; 0.00; 0.00
9255962.390000; 0.00; 0.00; 0.00
9274491.824000; 0.00; 0.00; 0.00
9289979.100000; 0.00; 0.00; 0.00
9305518.181000; 0.00; 0.00; 0.00
9320392.476000; 0.00; 0.00; 0.00
9335851.034000; 0.00; 0.00; 0.00
9352041.904000; 0.00; 0.00; 0.00
9389421.648000; 0.00; 0.00; 0.00
9404610.456000; 0.00; 0.00; 0.00
9413963.862000; 0.00; 0.00; 0.00
9434210.835000; 0.00; 0.00; 0.00
9442073.752000; 0.00; 0.00; 0.00
9449058.970000; 0.00; 0.00; 0.00
9464338.380000; 0.00; 0.00; 0.00
9480047.594000; 0.00; 0.00; 0.00
9498544.947000; 0.00; 0.00; 0.00
9514030.055000; 0.00; 0.00; 0.00
9529438.823000; 0.00; 0.00; 0.00
9544498.956000; 0.00; 0.00; 0.00
9560108.508000; 0.00; 0.00; 0.00
9576130.669000; 0.00; 0.00; 0.00
9591924.764000; 0.00; 0.00; 0.00
9608043.382000; 0.00; 0.00; 0.00
9624017.543000; 0.00; 0.00; 0.00
9640004.208000; 0.00; 0.00; 0.00
9656430.320000; 0.00; 0.00; 0.00
9672271.006000; 0.00; 0.00; 0.00
9687931.513000; 0.00; 0.00; 0.00
9703968.879000; 0.00; 0.00; 0.00
9719985.526000; 0.00; 0.00; 0.00
9735989.355000; 0.00; 0.00; 0.00
9751929.806000; 0.00; 0.00; 0.00
9767943.654000; 0.00; 0.00; 0.00
9784059.424000; 0.00; 0.00; 0.00
9800890.674000; 0.00; 0.00; 0.00
9822671.924000; 0.00; 0.00; 0.00
9850154.280000; 0.00; 0.00; 0.00
9867012.289000; 0.00; 0.00; 0.00
9884086.586000; 0.00; 0.00; 0.00
9899496.092000; 0.00; 0.00; 0.00
9916498.227000; 0.00; 0.00; 0.00
9933445.632000; 0.00; 0.00; 0.00
9945876.051000; 0.00; 0.00; 0.00
9961910.269000; 0.00; 0.00; 0.00
9982149.835000; 0.00; 0.00; 0.00
10004317.021000; 0.00; 0.00; 0.00
10014069.301000; 0.00; 0.00; 0.00
10026342.888000; 0.00; 0.00; 0.00
10044254.255000; 0.00; 0.00; 0.00
10057969.739000; 0.00; 0.00; 0.00
10076049.171000; 0.00; 0.00; 0.00
10091456.376000; 0.00; 0.00; 0.00
10106949.948000; 0.00; 0.00; 0.00
10121870.006000; 0.00; 0.00; 0.00
10137816.879000; 0.00; 0.00; 0.00
10153854.229000; 0.00; 0.00; 0.00
10169858.410000; 0.00; 0.00; 0.00
10188569.075000; 0.00; 0.00; 0.00
10203046.337000; 0.00; 0.00; 0.00
10218581.972000; 0.00; 0.00; 0.00
10239816.237000; 0.00; 0.00; 0.00
10269653.133000; 0.00; 0.00; 0.00
10277670.652000; 0.00; 0.00; 0.00
10285628.992000; 0.00; 0.00; 0.00
10298056.064000; 0.00; 0.00; 0.00
10313954.679000; 0.00; 0.00; 0.00
10332116.775000; 0.00; 0.00; 0.00
10347959.978000; 0.00; 0.00; 0.00
10363180.549000; 0.00; 0.00; 0.00
10378640.233000; 0.00; 0.00; 0.00
10394716.006000; 0.00; 0.00; 0.00
10410668.809000; 0.00; 0.00; 0.00
10426592.506000; 0.00; 0.00; 0.00
10443179.992000; 0.00; 0.00; 0.00
10459159.822000; 0.00; 0.00; 0.00
10475222.604000; 0.00; 0.00; 0.00
10490549.891000; -0.00; 0.00; 0.00
10506185.067000; -0.00; 0.00; 0.00
10522057.283000; -0.01; 0.00; 0.00
10537876.780000; -0.01; 0.00; 0.00
10554160.690000; -0.01; 0.00; 0.00
10571388.260000; -0.02; 0.00; 0.00
10587829.786000; -0.02; 0.00; 0.00
10604040.775000; -0.02; 0.00; 0.00
10619312.803000; -0.03; 0.00; 0.00
10633973.130000; -0.03; 0.00; 0.00
10650136.043000; -0.03; 0.00; 0.00
10666131.672000; -0.04; 0.00; 0.00
10683324.733000; -0.04; 0.00; 0.00
10699862.119000; -0.04; 0.00; 0.00
10715700.127000; -0.05; 0.00; 0.00
10731669.928000; -0.05; 0.00; 0.00
10747620.239000; -0.05; 0.00; 0.00
10764569.890000; -0.06; 0.00; 0.00
10782062.416000; -0.06; 0.00; 0.00
10793781.168000; -0.06; 0.00; 0.00
10812011.204000; -0.07; 0.00; 0.00
10844234.595000; -0.07; 0.00; 0.00
10852813.362000; -0.07; 0.00; 0.00
10859747.488000; -0.08; 0.00; 0.00
10876172.060000; -0.08; 0.00; 0.00
10891141.561000; -0.08; 0.00; 0.00
10906157.322000; -0.09; 0.00; 0.00
10921823.893000; -0.09; 0.00; 0.00
10940138.665000; -0.09; 0.00; 0.00
10954627.475000; -0.09; 0.00; 0.00
10970636.986000; -0.10; 0.00; 0.00
10986071.344000; -0.10; 0.00; 0.00
11004243.052000; -0.10; 0.00; 0.00
11018644.061000; -0.11; 0.00; 0.00
11034644.047000; -0.11; 0.00; 0.00
11049970.282000; -0.11; 0.00; 0.00
11065921.850000; -0.12; 0.00; 0.00
11081935.639000; -0.12; 0.00; 0.00
11098467.619000; -0.12; 0.00; 0.00
11114224.174000; -0.13; 0.00; 0.00
11130058.628000; -0.13; 0.00; 0.00
11146022.583000; -0.13; 0.00; 0.00
11162051.137000; -0.14; 0.00; 0.00
11177848.487000; -0.14; 0.00; 0.00
11193989.318000; -0.14; 0.00; 0.00
11209939.527000; -0.15; 0.00; 0.00
11226342.136000; -0.15; 0.00; 0.00
11241942.297000; -0.15; 0.00; 0.00
11279282.935000; -0.16; 0.00; 0.00
11287683.635000; -0.16; 0.00; 0.00
11294687.479000; -0.16; 0.00; 0.00
11306236.442000; -0.16; 0.00; 0.00
11322256.250000; -0.17; 0.00; 0.00
11337873.052000; -0.17; 0.00; 0.00
11356873.253000; -0.18; 0.00; 0.00
11372145.535000; -0.18; 0.00; 0.00
11386623.217000; -0.18; 0.00; 0.00
11401908.210000; -0.18; 0.00; 0.00
11440900.344000; -0.19; 0.00; 0.00
11449202.395000; -0.19; 0.00; 0.00
11454794.323000; -0.19; 0.00; 0.00
11467741.714000; -0.20; 0.00; 0.00
11484227.344000; -0.20; 0.00; 0.00
11500468.154000; -0.20; 0.00; 0.00
11513868.960000; -0.21; 0.00; 0.00
11551429.368000; -0.21; 0.00; 0.00
11650799.107000; -0.23; 0.00; 0.00
11656702.466000; -0.23; 0.00; 0.00
11673391.758000; -0.24; 0.00; 0.00
11689228.670000; -0.24; 0.00; 0.00
11714587.726000; -0.25; 0.00; 0.00
11722228.627000; -0.25; 0.00; 0.00
11767467.046000; -0.25; 0.00; 0.00
11774756.947000; -0.26; 0.00; 0.00
11799370.422000; -0.26; 0.00; 0.00
11806803.370000; -0.27; 0.00; 0.00
11825799.240000; -0.27; 0.00; 0.00
11853951.883000; -0.27; 0.00; 0.00
11871362.119000; -0.28; 0.00; 0.00
11888804.590000; -0.28; 0.00; 0.00
11904237.635000; -0.28; 0.00; 0.00
11917770.232000; -0.29; 0.00; 0.00
11934638.349000; -0.29; 0.00; 0.00
11950270.846000; -0.29; 0.00; 0.00
11965791.825000; -0.30; 0.00; 0.00
11984804.963000; -0.30; 0.00; 0.00
11999807.667000; -0.30; 0.00; 0.00
12018854.831000; -0.31; 0.00; 0.00
12034707.861000; -0.31; 0.00; 0.00
12069324.894000; -0.31; 0.00; 0.00
12086259.895000; -0.32; 0.00; 0.00
12107928.390000; -0.33; 0.00; 0.00
12124623.191000; -0.33; 0.00; 0.00
12145213.306000; -0.33; 0.00; 0.00
12161823.078000; -0.34; 0.00; 0.00
12195892.168000; -0.34; 0.00; 0.00
12204283.309000; -0.34; 0.00; 0.00
12220322.470000; -0.35; 0.00; 0.00
12235836.775000; -0.35; 0.00; 0.00
12252794.610000; -0.35; 0.00; 0.00
12268301.063000; -0.36; 0.00; 0.00
12284846.600000; -0.36; 0.00; 0.00
12300974.735000; -0.36; 0.00; 0.00
12317422.684000; -0.37; 0.00; 0.00
12334735.596000; -0.37; 0.00; 0.00
12352831.900000; -0.37; 0.00; 0.00
12362961.395000; -0.38; 0.00; 0.00
12379376.710000; -0.38; 0.00; 0.00
12401573.867000; -0.38; 0.00; 0.00
12413270.916000; -0.39; 0.00; 0.00
12428296.497000; -0.39; 0.00; 0.00
12442864.433000; -0.39; 0.00; 0.00
12459726.119000; -0.40; 0.00; 0.00
12475340.128000; -0.40; 0.00; 0.00
12490629.302000; -0.40; 0.00; 0.00
12506761.232000; -0.40; 0.00; 0.00
12531778.198000; -0.40; 0.00; 0.00
12538776.352000; -0.40; 0.00; 0.00
12623424.328000; -0.40; 0.00; 0.00
12648275.781000; -0.40; 0.00; 0.00
12675929.175000; -0.40; 0.00; 0.00
12684094.627000; -0.40; 0.00; 0.00
12691362.846000; -0.40; 0.00; 0.00
12703141.557000; -0.40; 0.00; 0.00
12719137.767000; -0.40; 0.00; 0.00
12735086.824000; -0.40; 0.00; 0.00
12752860.490000; -0.40; 0.00; 0.00
12767840.711000; -0.40; 0.00; 0.00
12783266.118000; -0.40; 0.00; 0.00
12799649.687000; -0.40; 0.00; 0.00
12815207.339000; -0.40; 0.00; 0.00
12831126.192000; -0.40; 0.00; 0.00
12850356.572000; -0.40; 0.00; 0.00
12865817.889000; -0.40; 0.00; 0.00
12880817.491000; -0.40; 0.00; 0.00
12908741.951000; -0.40; 0.00; 0.00
12916824.174000; -0.40; 0.00; 0.00
12927905.514000; -0.40; 0.00; 0.00
12943907.916000; -0.40; 0.00; 0.00
12959062.434000; -0.40; 0.00; 0.00
13008346.661000; -0.40; 0.00; 0.00
13018408.265000; -0.40; 0.00; 0.00
13028466.596000; -0.40; 0.00; 0.00
13044974.501000; -0.40; 0.00; 0.00
13060821.726000; -0.40; 0.00; 0.00
13076927.101000; -0.40; 0.00; 0.00
13093877.602000; -0.40; 0.00; 0.00
13108797.782000; -0.40; 0.00; 0.00
13124604.248000; -0.40; 0.00; 0.00
13140543.675000; -0.40; 0.00; 0.00
13156563.237000; -0.40; 0.00; 0.00
13172821.800000; -0.40; 0.00; 0.00
13189903.215000; -0.40; 0.00; 0.00
13224423.366000; -0.40; 0.00; 0.00
13397826.136000; -0.40; 0.00; 0.00
13406561.040000; -0.40; 0.00; 0.00
13422543.131000; -0.40; 0.00; 0.00
13437575.893000; -0.40; 0.00; 0.00
13453340.600000; -0.40; 0.00; 0.00
13470602.660000; -0.40; 0.00; 0.00
13486355.562000; -0.40; 0.00; 0.00
13503141.933000; -0.40; 0.00; 0.00
13519206.758000; -0.40; 0.00; 0.00
13532554.775000; -0.40; 0.00; 0.00
13548626.910000; -0.40; 0.00; 0.00
13565044.755000; -0.40; 0.00; 0.00
13580568.714000; -0.40; 0.00; 0.00
13624581.008000; -0.40; 0.00; 0.00
13643052.544000; -0.40; 0.00; 0.00
13651039.652000; -0.40; 0.00; 0.00
13663566.584000; -0.40; 0.00; 0.00
13679921.682000; -0.40; 0.00; 0.00
13694739.495000; -0.40; 0.00; 0.00
13711010.169000; -0.40; 0.00; 0.00
13726974.218000; -0.40; 0.00; 0.00
13743671.726000; -0.40; 0.00; 0.00
13758805.663000; -0.40; 0.00; 0.00
13776062.046000; -0.40; 0.00; 0.00
13792063.191000; -0.40; 0.00; 0.00
13809113.847000; -0.40; 0.00; 0.00
13825659.566000; -0.40; 0.00; 0.00
13841244.321000; -0.40; 0.00; 0.00
13855888.311000; -0.40; 0.00; 0.00
13870770.421000; -0.40; 0.00; 0.00
13886754.194000; -0.40; 0.00; 0.00
13902752.797000; -0.40; 0.00; 0.00
13920437.147000; -0.40; 0.00; 0.00
13936438.923000; -0.40; 0.00; 0.00
13951431.626000; -0.40; 0.00; 0.00
13966776.618000; -0.40; 0.00; 0.00
13983496.287000; -0.40; 0.00; 0.00
13998986.454000; -0.40; 0.00; 0.00
14015898.305000; -0.40; 0.00; 0.00
14030583.551000; -0.40; 0.00; 0.00
14046527.534000; -0.40; 0.00; 0.00
14063994.487000; -0.40; 0.00; 0.00
14079080.844000; -0.40; 0.00; 0.00
14096506.854000; -0.40; 0.00; 0.00
14114055.306000; -0.40; 0.00; 0.00
14126533.312000; -0.40; 0.00; 0.00
14143500.026000; -0.40; 0.00; 0.00
14161012.811000; -0.40; 0.00; 0.00
14177052.187000; -0.40; 0.00; 0.00
14190859.880000; -0.40; 0.00; 0.00
14207313.531000; -0.40; 0.00; 0.00
14234582.618000; -0.40; 0.00; 0.00
14241766.990000; -0.40; 0.00; 0.00
14261658.558000; -0.40; 0.00; 0.00
14290244.348000; -0.40; 0.00; 0.00
14324671.790000; -0.40; 0.00; 0.00
14331448.917000; -0.40; 0.00; 0.00
14347679.211000; -0.40; 0.00; 0.00
14378679.452000; -0.40; 0.00; 0.00
14385943.199000; -0.40; 0.00; 0.00
14393065.336000; -0.40; 0.00; 0.00
14402104.752000; -0.40; 0.00; 0.00
14417998.488000; -0.40; 0.00; 0.00
14437061.868000; -0.40; 0.00; 0.00
14449953.990000; -0.40; 0.00; 0.00
14469078.269000; -0.40; 0.00; 0.00
14484591.774000; -0.40; 0.00; 0.00
14498617.604000; -0.40; 0.00; 0.00
14515039.767000; -0.40; 0.00; 0.00
14534578.092000; -0.40; 0.00; 0.00
14546491.967000; -0.40; 0.00; 0.00
14562949.000000; -0.40; 0.00; 0.00
14578636.080000; -0.40; 0.00; 0.00
14598065.998000; -0.40; 0.00; 0.00
14609996.575000; -0.40; 0.00; 0.00
14627079.311000; -0.40; 0.00; 0.00
14643046.689000; -0.40; 0.00; 0.00
14659482.079000; -0.40; 0.00; 0.00
14675629.862000; -0.40; 0.00; 0.00
14690046.014000; -0.40; 0.00; 0.00
14706709.083000; -0.40; 0.00; 0.00
14725050.036000; -0.40; 0.00; 0.00
14744582.254000; -0.40; 0.00; 0.00
14766094.157000; -0.40; 0.00; 0.00
14774006.638000; -0.40; 0.00; 0.00
14805839.952000; -0.40; 0.00; 0.00
14812688.945000; -0.40; 0.00; 0.00
14820556.012000; -0.40; 0.00; 0.00
14835313.497000; -0.40; 0.00; 0.00
14863557.487000; -0.40; 0.00; 0.00
14887715.589000; -0.40; 0.00; 0.00
14910405.616000; -0.40; 0.00; 0.00
14917562.369000; -0.40; 0.00; 0.00
14945814.886000; -0.40; 0.00; 0.00
14952767.132000; -0.40; 0.00; 0.00
14965341.264000; -0.40; 0.00; 0.00
14981419.507000; -0.40; 0.00; 0.00
14997274.477000; -0.40; 0.00; 0.00
15013394.572000; -0.40; 0.00; 0.00
15030614.477000; -0.40; 0.00; 0.00
15051242.156000; -0.40; 0.00; 0.00
15074193.433000; -0.40; 0.00; 0.00
15082682.295000; -0.40; 0.00; 0.00
15094417.450000; -0.40; 0.00; 0.00
15111573.753000; -0.40; 0.00; 0.00
15125618.807000; -0.40; 0.00; 0.00
15141431.231000; -0.40; 0.00; 0.00
15157503.787000; -0.40; 0.00; 0.00
15175675.491000; -0.40; 0.00; 0.00
15192177.856000; -0.40; 0.00; 0.00
15205680.064000; -0.40; 0.00; 0.00
15221470.740000; -0.40; 0.00; 0.00
15238647.864000; -0.40; 0.00; 0.00
15253363.371000; -0.40; 0.00; 0.00
15269411.466000; -0.40; 0.00; 0.00
15285443.092000; -0.40; 0.00; 0.00
15301347.971000; -0.40; 0.00; 0.00
15317793.511000; -0.40; 0.00; 0.00
15333576.661000; -0.40; 0.00; 0.00
15349540.819000; -0.40; 0.00; 0.00
15366152.905000; -0.40; 0.00; 0.00
15381541.454000; -0.40; 0.00; 0.00
15397601.412000; -0.40; 0.00; 0.00
15413413.428000; -0.40; 0.00; 0.00
15430223.806000; -0.40; 0.00; 0.00
15446224.857000; -0.40; 0.00; 0.00
15461416.542000; -0.40; 0.00; 0.00
15477388.735000; -0.40; 0.00; 0.00
15500253.402000; -0.40; 0.00; 0.00
15521806.696000; -0.40; 0.00; 0.00
15534225.298000; -0.40; 0.00; 0.00
15541281.126000; -0.40; 0.00; 0.00
15557375.555000; -0.40; 0.00; 0.00
15573333.696000; -0.40; 0.00; 0.00
15589416.797000; -0.40; 0.00; 0.00
15620137.403000; -0.40; 0.00; 0.00
15628629.647000; -0.40; 0.00; 0.00
15640124.738000; -0.40; 0.00; 0.00
15655139.305000; -0.40; 0.00; 0.00
15670182.171000; -0.40; 0.00; 0.00
15685425.849000; -0.40; 0.00; 0.00
15701406.466000; -0.40; 0.00; 0.00
15717392.010000; -0.40; 0.00; 0.00
15733532.156000; -0.40; 0.00; 0.00
15749619.623000; -0.40; 0.00; 0.00
15765475.485000; -0.40; 0.00; 0.00
15781423.722000; -0.40; 0.00; 0.00
15797334.392000; -0.40; 0.00; 0.00
15815296.502000; -0.40; 0.00; 0.00
15829345.368000; -0.40; 0.00; 0.00
15847002.070000; -0.40; 0.00; 0.00
15862629.169000; -0.40; 0.00; 0.00
15877727.975000; -0.40; 0.00; 0.00
15893627.002000; -0.40; 0.00; 0.00
15909854.168000; -0.40; 0.00; 0.00
15925320.307000; -0.40; 0.00; 0.00
15941511.730000; -0.40; 0.00; 0.00
15959252.213000; -0.40; 0.00; 0.00
15974197.395000; -0.40; 0.00; 0.00
15989642.020000; -0.40; 0.00; 0.00
16005359.117000; -0.40; 0.00; 0.00
16021337.099000; -0.40; 0.00; 0.00
16037410.665000; -0.40; 0.00; 0.00
16053373.056000; -0.40; 0.00; 0.00
16069406.566000; -0.40; 0.00; 0.00
16085367.558000; -0.40; 0.00; 0.00
16102151.869000; -0.40; 0.00; 0.00
16118285.230000; -0.40; 0.00; 0.00
16133677.016000; -0.40; 0.00; 0.00
16149436.212000; -0.40; 0.00; 0.00
16165351.090000; -0.40; 0.00; 0.00
16181364.115000; -0.40; 0.00; 0.00
16197540.946000; -0.40; 0.00; 0.00
16213546.247000; -0.40; 0.00; 0.00
16230095.964000; -0.40; 0.00; 0.00
16248149.272000; -0.40; 0.00; 0.00
16279688.344000; -0.40; 0.00; 0.00
16305374.899000; -0.40; 0.00; 0.00
16313334.494000; -0.40; 0.00; 0.00
16329788.830000; -0.40; 0.00; 0.00
16346297.651000; -0.40; 0.00; 0.00
16360594.992000; -0.40; 0.00; 0.00
16376914.005000; -0.40; 0.00; 0.00
16393823.932000; -0.40; 0.00; 0.00
16409794.260000; -0.40; 0.00; 0.00
16424679.633000; -0.40; 0.00; 0.00
16441780.166000; -0.40; 0.00; 0.00
16458382.943000; -0.40; 0.00; 0.00
16472722.630000; -0.40; 0.00; 0.00
16490778.143000; -0.40; 0.00; 0.00
16506311.845000; -0.40; 0.00; 0.00
16522209.492000; -0.40; 0.00; 0.00
16540166.353000; -0.40; 0.00; 0.00
16552295.519000; -0.40; 0.00; 0.00
16568533.999000; -0.40; 0.00; 0.00
16584332.122000; -0.40; 0.00; 0.00
16603782.467000; -0.40; 0.00; 0.00
16616266.214000; -0.40; 0.00; 0.00
16632265.713000; -0.40; 0.00; 0.00
16648178.026000; -0.40; 0.00; 0.00
16664217.414000; -0.40; 0.00; 0.00
16680650.495000; -0.40; 0.00; 0.00
16698431.850000; -0.40; 0.00; 0.00
16714329.145000; -0.40; 0.00; 0.00
16764564.109000; -0.40; 0.00; 0.00
16771288.286000; -0.40; 0.00; 0.00
16787357.836000; -0.40; 0.00; 0.00
16803500.937000; -0.40; 0.00; 0.00
16819697.996000; -0.40; 0.00; 0.00
16835650.338000; -0.40; 0.00; 0.00
16851435.676000; -0.40; 0.00; 0.00
16867363.101000; -0.40; 0.00; 0.00
16883603.626000; -0.40; 0.00; 0.00
16899362.105000; -0.40; 0.00; 0.00
16915358.826000; -0.40; 0.00; 0.00
16931412.816000; -0.40; 0.00; 0.00
16947602.848000; -0.40; 0.00; 0.00
16963824.313000; -0.40; 0.00; 0.00
16979357.513000; -0.40; 0.00; 0.00
16995714.496000; -0.40; 0.00; 0.00
17011350.827000; -0.40; 0.00; 0.00
17027386.472000; -0.40; 0.00; 0.00
17043379.024000; -0.40; 0.00; 0.00
17059359.595000; -0.40; 0.00; 0.00
17079477.598000; -0.40; 0.00; 0.00
17091404.942000; -0.40; 0.00; 0.00
17107786.270000; -0.40; 0.00; 0.00
17124251.563000; -0.40; 0.00; 0.00
17139928.953000; -0.40; 0.00; 0.00
17155637.760000; -0.40; 0.00; 0.00
17172043.040000; -0.40; 0.00; 0.00
17188327.942000; -0.40; 0.00; 0.00
17203859.264000; -0.40; 0.00; 0.00
17219402.570000; -0.40; 0.00; 0.00
17235816.671000; -0.40; 0.00; 0.00
17253345.540000; -0.40; 0.00; 0.00
17275363.584000; -0.40; 0.00; 0.00
17295500.102000; -0.40; 0.00; 0.00
17300866.898000; -0.40; 0.00; 0.00
17322071.808000; -0.40; 0.00; 0.00
17337772.652000; -0.40; 0.00; 0.00
17357415.461000; -0.40; 0.00; 0.00
17366085.330000; -0.40; 0.00; 0.00
17392800.681000; -0.40; 0.00; 0.00
17401391.340000; -0.40; 0.00; 0.00
17422959.934000; -0.40; 0.00; 0.00
17431869.798000; -0.40; 0.00; 0.00
17443356.883000; -0.40; 0.00; 0.00
17459647.430000; -0.40; 0.00; 0.00
17477471.289000; -0.40; 0.00; 0.00
17491636.896000; -0.40; 0.00; 0.00
17507330.662000; -0.40; 0.00; 0.00
17525852.548000; -0.40; 0.00; 0.00
17541123.444000; -0.40; 0.00; 0.00
17558765.000000; -0.40; 0.00; 0.00
17573833.203000; -0.40; 0.00; 0.00
17588926.889000; -0.40; 0.00; 0.00
17604509.915000; -0.40; 0.00; 0.00
17619260.821000; -0.40; 0.00; 0.00
17638743.861000; -0.40; 0.00; 0.00
17658406.533000; -0.40; 0.00; 0.00
17669916.845000; -0.40; 0.00; 0.00
17684133.234000; -0.40; 0.00; 0.00
17699225.197000; -0.40; 0.00; 0.00
17715320.500000; -0.40; 0.00; 0.00
17731410.642000; -0.40; 0.00; 0.00
17749337.395000; -0.40; 0.00; 0.00
17764352.899000; -0.40; 0.00; 0.00
17780437.106000; -0.40; 0.00; 0.00
17795315.345000; -0.40; 0.00; 0.00
17811877.766000; -0.40; 0.00; 0.00
17827843.561000; -0.40; 0.00; 0.00
17843352.592000; -0.40; 0.00; 0.00
17859332.404000; -0.40; 0.00; 0.00
17875401.814000; -0.40; 0.00; 0.00
17893321.619000; -0.40; 0.00; 0.00
17909012.522000; -0.40; 0.00; 0.00
17924065.277000; -0.40; 0.00; 0.00
17940486.108000; -0.40; 0.00; 0.00
17956416.253000; -0.40; 0.00; 0.00
17972054.253000; -0.40; 0.00; 0.00
17987712.500000; -0.40; 0.00; 0.00
18004927.777000; -0.40; 0.00; 0.00
18020439.653000; -0.40; 0.00; 0.00
18035362.957000; -0.40; 0.00; 0.00
18051595.144000; -0.40; 0.00; 0.00
18071011.256000; -0.40; 0.00; 0.00
18088062.373000; -0.40; 0.00; 0.00
18105932.509000; -0.40; 0.00; 0.00
18116509.452000; -0.40; 0.00; 0.00
18144953.696000; -0.40; 0.00; 0.00
18152510.864000; -0.40; 0.00; 0.00
18170474.040000; -0.40; 0.00; 0.00
18183732.951000; -0.40; 0.00; 0.00
18196478.411000; -0.40; 0.00; 0.00
18216349.245000; -0.40; 0.00; 0.00
18263212.664000; -0.40; 0.00; 0.00
18271095.290000; -0.40; 0.00; 0.00
18286454.747000; -0.40; 0.00; 0.00
18302511.575000; -0.40; 0.00; 0.00
18317605.371000; -0.40; 0.00; 0.00
18333550.562000; -0.40; 0.00; 0.00
18351719.583000; -0.40; 0.00; 0.00
18365766.183000; -0.40; 0.00; 0.00
18393550.058000; -0.40; 0.00; 0.00
18398765.608000; -0.40; 0.00; 0.00
18470072.895000; -0.40; 0.00; 0.00
18475585.110000; -0.40; 0.00; 0.00
18491593.526000; -0.40; 0.00; 0.00
18507584.740000; -0.40; 0.00; 0.00
18525146.569000; -0.40; 0.00; 0.00
18539734.422000; -0.40; 0.00; 0.00
18557040.438000; -0.40; 0.00; 0.00
18573560.959000; -0.40; 0.00; 0.00
18588789.171000; -0.40; 0.00; 0.00
18606090.957000; -0.40; 0.00; 0.00
18625541.098000; -0.40; 0.00; 0.00
18648495.136000; -0.40; 0.00; 0.00
18656797.841000; -0.40; 0.00; 0.00
18676727.734000; -0.40; 0.00; 0.00
18683707.378000; -0.40; 0.00; 0.00
18702999.494000; -0.40; 0.00; 0.00
18717074.567000; -0.40; 0.00; 0.00
18733583.270000; -0.40; 0.00; 0.00
18749578.679000; -0.40; 0.00; 0.00
18780999.134000; -0.40; 0.00; 0.00
18802264.708000; -0.40; 0.00; 0.00
18825800.567000; -0.40; 0.00; 0.00
18834343.301000; -0.40; 0.00; 0.00
18845736.676000; -0.40; 0.00; 0.00
18864015.715000; -0.40; 0.00; 0.00
18879056.713000; -0.40; 0.00; 0.00
18894042.052000; -0.40; 0.00; 0.00
18910119.762000; -0.40; 0.00; 0.00
18925076.018000; -0.40; 0.00; 0.00
18941525.331000; -0.40; 0.00; 0.00
18957058.084000; -0.40; 0.00; 0.00
18973436.475000; -0.40; 0.00; 0.00
18989201.761000; -0.40; 0.00; 0.00
19007626.579000; -0.40; 0.00; 0.00
19022063.850000; -0.40; 0.00; 0.00
19036973.954000; -0.40; 0.00; 0.00
19052938.268000; -0.40; 0.00; 0.00
19070074.054000; -0.40; 0.00; 0.00
19084878.764000; -0.40; 0.00; 0.00
19103177.277000; -0.40; 0.00; 0.00
19123684.670000; -0.40; 0.00; 0.00
19145469.926000; -0.40; 0.00; 0.00
19153035.953000; -0.40; 0.00; 0.00
19184747.733000; -0.40; 0.00; 0.00
19193094.993000; -0.40; 0.00; 0.00
19201981.959000; -0.40; 0.00; 0.00
19214030.541000; -0.40; 0.00; 0.00
19241001.270000; -0.40; 0.00; 0.00
19249098.302000; -0.40; 0.00; 0.00
19261042.375000; -0.40; 0.00; 0.00
19276978.048000; -0.40; 0.00; 0.00
19293022.767000; -0.40; 0.00; 0.00
19308938.456000; -0.40; 0.00; 0.00
19334618.185000; -0.40; 0.00; 0.00
19342899.109000; -0.40; 0.00; 0.00
19375132.581000; -0.40; 0.00; 0.00
19384049.290000; -0.40; 0.00; 0.00
19392124.903000; -0.40; 0.00; 0.00
19408154.460000; -0.40; 0.00; 0.00
19423276.797000; -0.40; 0.00; 0.00
19439059.828000; -0.40; 0.00; 0.00
19470681.164000; -0.40; 0.00; 0.00
19485690.643000; -0.40; 0.00; 0.00
19492621.622000; -0.40; 0.00; 0.00
19502923.977000; -0.40; 0.00; 0.00
19518203.504000; -0.40; 0.00; 0.00
19533624.835000; -0.40; 0.00; 0.00
19549115.180000; -0.40; 0.00; 0.00
19564988.302000; -0.40; 0.00; 0.00
19581467.467000; -0.40; 0.00; 0.00
19596870.622000; -0.40; 0.00; 0.00
19612970.341000; -0.40; 0.00; 0.00
19629382.555000; -0.40; 0.00; 0.00
19645130.215000; -0.40; 0.00; 0.00
19661093.305000; -0.40; 0.00; 0.00
19676983.376000; -0.40; 0.00; 0.00
19696180.392000; -0.40; 0.00; 0.00
19715783.718000; -0.40; 0.00; 0.00
19783930.972000; -0.40; 0.00; 0.00
19791747.644000; -0.40; 0.00; 0.00
19808784.820000; -0.40; 0.00; 0.00
19822563.048000; -0.40; 0.00; 0.00
19842362.149000; -0.40; 0.00; 0.00
19857082.218000; -0.40; 0.00; 0.00
19871117.376000; -0.40; 0.00; 0.00
19887115.748000; -0.40; 0.00; 0.00
19902638.577000; -0.40; 0.00; 0.00
19918547.740000; -0.40; 0.00; 0.00
19935111.835000; -0.40; 0.00; 0.00
19951216.707000; -0.40; 0.00; 0.00
19967180.880000; -0.40; 0.00; 0.00
19982424.309000; -0.40; 0.00; 0.00
19999640.626000; -0.40; 0.00; 0.00
20015201.640000; -0.40; 0.00; 0.00
20030654.909000; -0.40; 0.00; 0.00
20046649.423000; -0.40; 0.00; 0.00
20062589.920000; -0.40; 0.00; 0.00
20080371.865000; -0.40; 0.00; 0.00
20096220.067000; -0.40; 0.00; 0.00
20110490.499000; -0.40; 0.00; 0.00
20126834.998000; -0.40; 0.00; 0.00
20142459.786000; -0.40; 0.00; 0.00
20158730.473000; -0.40; 0.00; 0.00
20181831.290000; -0.40; 0.00; 0.00
20190392.890000; -0.40; 0.00; 0.00
20207280.229000; -0.40; 0.00; 0.00
20223315.555000; -0.40; 0.00; 0.00
20243336.344000; -0.40; 0.00; 0.00
20254429.355000; -0.40; 0.00; 0.00
20271402.429000; -0.40; 0.00; 0.00
20287324.764000; -0.40; 0.00; 0.00
20303342.458000; -0.40; 0.00; 0.00
20319794.338000; -0.40; 0.00; 0.00
20336183.094000; -0.40; 0.00; 0.00
20352616.599000; -0.40; 0.00; 0.00
20366438.400000; -0.40; 0.00; 0.00
20382660.147000; -0.40; 0.00; 0.00
20399723.735000; -0.40; 0.00; 0.00
20415652.648000; -0.40; 0.00; 0.00
20432723.376000; -0.40; 0.00; 0.00
20448702.578000; -0.40; 0.00; 0.00
20462428.545000; -0.40; 0.00; 0.00
20480677.595000; -0.40; 0.00; 0.00
20495203.422000; -0.40; 0.00; 0.17
20511214.900000; -0.39; 0.00; 0.59
20527119.819000; -0.38; 0.00; 0.99
20544285.993000; -0.37; 0.00; 1.44
20559664.618000; -0.37; 0.00; 1.83
20574542.897000; -0.36; 0.00; 2.22
20590583.065000; -0.35; 0.00; 2.64
20606594.065000; -0.34; 0.00; 3.05
20623443.883000; -0.33; 0.00; 3.47
20651185.084000; -0.33; 0.00; 3.69
20659693.022000; -0.32; 0.00; 4.44
20671769.730000; -0.31; 0.00; 4.76
20687250.422000; -0.30; 0.00; 5.17
20702424.401000; -0.29; 0.01; 5.55
20718435.165000; -0.29; 0.01; 5.96
20734449.812000; -0.28; 0.01; 6.39
20755851.823000; -0.27; 0.01; 6.56
20768657.352000; -0.26; 0.01; 7.27
20784778.678000; -0.25; 0.01; 7.69
20798954.503000; -0.25; 0.01; 8.07
20815886.292000; -0.24; 0.01; 8.50
20844032.242000; -0.23; 0.01; 9.05
20853065.421000; -0.22; 0.01; 9.43
20863062.868000; -0.21; 0.02; 9.69
20879770.322000; -0.21; 0.02; 10.16
20897355.093000; -0.20; 0.02; 10.61
20912288.225000; -0.19; 0.02; 11.01
20928330.454000; -0.18; 0.02; 11.42
20942801.677000; -0.17; 0.02; 11.80
20958669.757000; -0.17; 0.02; 12.21
20974416.071000; -0.16; 0.03; 12.60
20990568.210000; -0.15; 0.03; 13.01
21006963.490000; -0.14; 0.03; 13.43
21023355.706000; -0.14; 0.03; 13.88
21039893.013000; -0.13; 0.03; 14.31
21056299.352000; -0.12; 0.04; 14.74
21071300.200000; -0.11; 0.04; 15.13
21088423.917000; -0.10; 0.04; 15.57
21104385.384000; -0.10; 0.04; 15.99
21119748.812000; -0.09; 0.04; 16.39
21134487.809000; -0.08; 0.05; 16.74
21174267.147000; -0.07; 0.05; 17.22
21180216.729000; -0.06; 0.05; 17.92
21186817.384000; -0.06; 0.05; 18.14
21198584.925000; -0.05; 0.06; 18.43
21214672.422000; -0.04; 0.06; 18.84
21230552.969000; -0.04; 0.06; 19.27
21246442.750000; -0.03; 0.06; 19.67
21262813.435000; -0.02; 0.07; 20.09
21278497.845000; -0.01; 0.07; 20.52
21294932.802000; -0.01; 0.07; 20.89
21326113.939000; 0.00; 0.08; 21.53
21391563.928000; 0.01; 0.08; 22.06
21398938.887000; 0.04; 0.09; 23.64
21416874.456000; 0.05; 0.10; 24.07
21430063.241000; 0.06; 0.10; 24.42
21446819.140000; 0.06; 0.10; 24.86
21463463.427000; 0.07; 0.11; 25.32
21478859.325000; 0.08; 0.11; 25.72
21493970.748000; 0.09; 0.11; 25.83
21520912.272000; 0.10; 0.12; 25.58
21530652.025000; 0.10; 0.12; 25.49
21543877.730000; 0.11; 0.12; 25.37
21557839.490000; 0.11; 0.13; 25.25
21574439.657000; 0.12; 0.13; 25.08
21590364.559000; 0.13; 0.13; 24.92
21605890.491000; 0.14; 0.14; 24.78
21622352.606000; 0.14; 0.14; 24.63
21637870.637000; 0.15; 0.14; 24.48
21654801.020000; 0.16; 0.15; 24.33
21670813.833000; 0.17; 0.15; 24.18
21686277.974000; 0.17; 0.15; 24.08
21702505.098000; 0.18; 0.15; 23.91
21719649.957000; 0.19; 0.16; 23.73
21736251.830000; 0.19; 0.16; 23.61
21765942.372000; 0.21; 0.17; 23.29
21772673.357000; 0.21; 0.17; 23.23
21790969.206000; 0.22; 0.17; 23.16
21818487.795000; 0.22; 0.17; 22.98
21826857.889000; 0.24; 0.18; 22.73
21845496.371000; 0.24; 0.18; 22.66
21854293.066000; 0.25; 0.19; 22.48
21877554.932000; 0.26; 0.19; 22.28
21884581.283000; 0.26; 0.19; 22.19
21895083.394000; 0.27; 0.19; 22.09
21911813.000000; 0.28; 0.20; 21.93
21927301.477000; 0.28; 0.20; 21.79
21941776.580000; 0.29; 0.20; 21.67
21958469.496000; 0.30; 0.20; 21.50
21975065.266000; 0.31; 0.21; 21.35
21991542.838000; 0.31; 0.21; 21.19
22007048.226000; 0.32; 0.21; 21.04
22023424.892000; 0.33; 0.22; 20.89
22040542.106000; 0.34; 0.22; 20.73
22056327.451000; 0.34; 0.22; 20.67
22070979.314000; 0.35; 0.23; 20.45
22085778.138000; 0.36; 0.23; 20.32
22102370.000000; 0.37; 0.23; 20.15
22118557.803000; 0.37; 0.23; 20.00
22156020.510000; 0.39; 0.24; 19.74
22164429.286000; 0.39; 0.24; 19.58
22170860.102000; 0.40; 0.24; 19.52
22181585.481000; 0.40; 0.24; 19.42
22197695.742000; 0.41; 0.25; 19.27
22213668.306000; 0.42; 0.25; 19.13
22229706.657000; 0.43; 0.25; 18.98
22245677.100000; 0.43; 0.25; 18.83
22261727.413000; 0.44; 0.26; 18.68
22277656.908000; 0.45; 0.26; 18.53
22293581.412000; 0.46; 0.26; 18.38
22310432.080000; 0.46; 0.26; 18.22
22325666.150000; 0.47; 0.27; 18.08
22342933.767000; 0.48; 0.27; 17.92
22362690.629000; 0.49; 0.27; 17.74
22373821.505000; 0.49; 0.27; 17.63
22389679.022000; 0.50; 0.28; 17.49
22405724.189000; 0.51; 0.28; 17.34
22421791.032000; 0.52; 0.28; 17.18
22437682.661000; 0.52; 0.28; 17.04
22455499.498000; 0.53; 0.29; 16.87
22471018.607000; 0.54; 0.29; 16.72
22486314.574000; 0.55; 0.29; 16.54
22503996.500000; 0.56; 0.29; 16.18
22520004.876000; 0.56; 0.30; 15.82
22536122.644000; 0.57; 0.30; 15.48
22552148.368000; 0.58; 0.30; 15.14
22565908.487000; 0.59; 0.30; 14.88
22582132.456000; 0.59; 0.30; 14.52
22598578.017000; 0.60; 0.31; 14.16
22614448.833000; 0.61; 0.31; 13.81
22630006.976000; 0.62; 0.31; 13.48
22646447.682000; 0.62; 0.31; 13.14
22662976.322000; 0.63; 0.31; 12.79
22678517.096000; 0.64; 0.32; 12.46
22698072.878000; 0.65; 0.32; 12.12
22716133.935000; 0.65; 0.32; 11.90
22745384.709000; 0.66; 0.32; 11.47
22766846.496000; 0.68; 0.32; 10.66
22780023.124000; 0.69; 0.33; 10.31
22793303.625000; 0.70; 0.33; 10.03
22809753.908000; 0.70; 0.33; 9.69
22828086.013000; 0.71; 0.33; 9.29
22841420.059000; 0.72; 0.33; 9.02
22857960.064000; 0.73; 0.33; 8.66
22874497.007000; 0.74; 0.33; 8.31
22891041.605000; 0.75; 0.33; 7.96
22907001.771000; 0.75; 0.34; 7.62
22941390.791000; 0.76; 0.34; 7.44
22958025.389000; 0.78; 0.34; 6.53
22973651.597000; 0.79; 0.34; 6.19
22990652.239000; 0.79; 0.34; 5.84
23006612.602000; 0.80; 0.34; 5.50
23024260.443000; 0.81; 0.34; 5.13
23040034.177000; 0.82; 0.34; 4.79
23053421.715000; 0.83; 0.34; 4.54
23069257.196000; 0.83; 0.34; 4.19
23085257.628000; 0.84; 0.34; 3.85
23109007.410000; 0.85; 0.35; 3.33
23119043.010000; 0.86; 0.35; 3.12
23133514.441000; 0.87; 0.35; 2.82
23150975.369000; 0.87; 0.35; 2.44
23167470.221000; 0.88; 0.35; 2.09
23182979.207000; 0.89; 0.35; 1.76
23197275.912000; 0.90; 0.35; 1.50
23213247.723000; 0.91; 0.35; 1.13
23230370.769000; 0.91; 0.35; 0.80
23290527.389000; 0.93; 0.35; -0.08
23297614.459000; 0.95; 0.35; -0.68
23332226.729000; 0.95; 0.35; -0.82
23346188.767000; 0.97; 0.35; -1.60
23411300.827000; 1.00; 0.35; -2.98
23426151.464000; 1.01; 0.35; -3.38
23460085.085000; 1.02; 0.35; -3.56
23476528.967000; 1.04; 0.34; -4.46
23492010.979000; 1.04; 0.34; -4.69
23508720.400000; 1.05; 0.34; -4.83
23523963.293000; 1.06; 0.34; -4.97
23540074.443000; 1.07; 0.34; -5.11
23557263.738000; 1.08; 0.34; -5.26
23572641.638000; 1.09; 0.34; -5.38
23589651.906000; 1.09; 0.34; -5.53
23604666.086000; 1.10; 0.34; -5.63
23624346.262000; 1.11; 0.34; -5.83
23636019.435000; 1.12; 0.34; -5.91
23651952.161000; 1.12; 0.34; -6.06
23668068.822000; 1.13; 0.34; -6.19
23685965.532000; 1.14; 0.33; -6.33
23699881.485000; 1.15; 0.33; -6.46
23716008.218000; 1.16; 0.33; -6.60
23731997.790000; 1.16; 0.33; -6.73
23748028.458000; 1.17; 0.33; -6.88
23763882.165000; 1.18; 0.33; -7.01
23779877.334000; 1.19; 0.33; -7.15
23795932.104000; 1.20; 0.33; -7.28
23816662.151000; 1.20; 0.33; -7.39
23828190.587000; 1.21; 0.33; -7.56
23843985.491000; 1.22; 0.32; -7.70
23860007.184000; 1.23; 0.32; -7.83
23876098.392000; 1.24; 0.32; -7.97
23891915.431000; 1.24; 0.32; -8.10
23908178.434000; 1.25; 0.32; -8.24
23923901.493000; 1.26; 0.32; -8.37
23942080.097000; 1.27; 0.32; -8.54
23955914.366000; 1.28; 0.32; -8.65
23974585.777000; 1.28; 0.32; -8.81
23990096.457000; 1.29; 0.31; -8.94
24005061.493000; 1.30; 0.31; -9.07
24020431.889000; 1.31; 0.31; -9.20
24036017.829000; 1.31; 0.31; -9.33
24051865.585000; 1.32; 0.31; -9.46
24067922.511000; 1.33; 0.31; -9.60
24084647.526000; 1.34; 0.31; -9.75
24100097.500000; 1.35; 0.30; -9.88
24116092.174000; 1.35; 0.30; -10.02
24131936.715000; 1.36; 0.30; -10.15
24147871.931000; 1.37; 0.30; -10.28
24163916.222000; 1.38; 0.30; -10.42
24179989.109000; 1.39; 0.30; -10.55
24196002.896000; 1.39; 0.30; -10.69
24211874.788000; 1.40; 0.30; -10.82
24227890.023000; 1.41; 0.29; -10.96
24245014.182000; 1.42; 0.29; -11.10
24260692.962000; 1.43; 0.29; -11.25
24276429.011000; 1.43; 0.29; -11.38
24312877.464000; 1.44; 0.29; -11.45
24329803.487000; 1.46; 0.28; -11.84
24345678.285000; 1.47; 0.28; -11.97
24362625.122000; 1.48; 0.28; -12.12
24380242.232000; 1.48; 0.28; -12.27
24392677.091000; 1.49; 0.28; -12.36
24409195.748000; 1.50; 0.28; -12.51
24424798.735000; 1.51; 0.27; -12.64
24440830.523000; 1.51; 0.27; -12.78
24456884.342000; 1.52; 0.27; -12.91
24473063.081000; 1.53; 0.27; -13.05
24488635.054000; 1.54; 0.27; -13.12
24504863.475000; 1.54; 0.26; -12.97
24520773.884000; 1.55; 0.26; -12.81
24539597.334000; 1.56; 0.26; -12.63
24554861.365000; 1.57; 0.26; -12.50
24569702.562000; 1.58; 0.26; -12.35
24585698.785000; 1.58; 0.26; -12.21
24600949.466000; 1.59; 0.25; -12.07
24617650.912000; 1.60; 0.25; -11.91
24634257.843000; 1.61; 0.25; -11.75
24648738.728000; 1.62; 0.25; -11.61
24664713.189000; 1.62; 0.25; -11.47
24680748.970000; 1.63; 0.25; -11.32
24698769.137000; 1.64; 0.24; -11.19
24726430.732000; 1.65; 0.24; -10.96
24733872.408000; 1.66; 0.24; -10.83
24744645.281000; 1.66; 0.24; -10.73
24763719.068000; 1.67; 0.24; -10.55
24778276.999000; 1.68; 0.24; -10.41
24793367.375000; 1.69; 0.24; -10.27
24809347.184000; 1.69; 0.23; -10.13
24825814.620000; 1.70; 0.23; -9.97
24841008.444000; 1.71; 0.23; -9.85
24857126.153000; 1.72; 0.23; -9.68
24876703.752000; 1.72; 0.23; -9.55
24895162.008000; 1.74; 0.23; -9.32
24916188.204000; 1.74; 0.23; -9.21
24941877.022000; 1.75; 0.22; -9.07
24950163.273000; 1.76; 0.22; -8.81
24965817.526000; 1.77; 0.22; -8.74
24973248.974000; 1.78; 0.22; -8.59
24985804.698000; 1.78; 0.22; -8.48
25002413.520000; 1.79; 0.22; -8.32
25022936.341000; 1.80; 0.22; -8.14
25053452.559000; 1.81; 0.22; -7.92
25059666.124000; 1.82; 0.21; -7.79
25067869.226000; 1.82; 0.21; -7.72
25082312.894000; 1.83; 0.21; -7.58
25096765.410000; 1.84; 0.21; -7.44
25112837.648000; 1.84; 0.21; -7.31
25128828.375000; 1.85; 0.21; -7.14
25147856.453000; 1.86; 0.21; -6.97
25163267.673000; 1.87; 0.21; -6.83
25179201.544000; 1.88; 0.21; -6.68
25194354.171000; 1.88; 0.21; -6.53
25209754.615000; 1.89; 0.20; -6.39
25224862.571000; 1.90; 0.20; -6.25
25240753.586000; 1.91; 0.20; -6.11
25256778.421000; 1.92; 0.20; -5.96
25272766.641000; 1.92; 0.20; -5.82
25289173.310000; 1.93; 0.20; -5.66
25304799.411000; 1.94; 0.20; -5.51
25326947.989000; 1.95; 0.20; -5.33
25339184.414000; 1.96; 0.20; -5.19
25356208.461000; 1.97; 0.20; -5.03
25376424.918000; 1.97; 0.20; -4.87
25384754.570000; 1.98; 0.20; -4.78
25416386.406000; 1.99; 0.20; -4.55
25423219.789000; 2.00; 0.19; -4.40
25432675.368000; 2.00; 0.19; -4.33
25448945.213000; 2.01; 0.19; -4.18
25464661.893000; 2.02; 0.19; -4.02
25482891.156000; 2.03; 0.19; -3.85
25497850.529000; 2.04; 0.19; -3.72
25513359.095000; 2.04; 0.19; -3.61
25529352.713000; 2.05; 0.19; -3.50
25544801.765000; 2.06; 0.19; -3.38
25560885.935000; 2.07; 0.19; -3.26
25577061.263000; 2.07; 0.19; -3.15
25593475.912000; 2.08; 0.19; -3.02
25610261.267000; 2.09; 0.19; -2.91
25625407.695000; 2.10; 0.19; -2.79
25641245.227000; 2.11; 0.19; -2.68
25656757.408000; 2.12; 0.19; -2.56
25676329.186000; 2.12; 0.19; -2.41
25688993.896000; 2.13; 0.19; -2.33
25707005.424000; 2.14; 0.19; -2.19
25720609.796000; 2.15; 0.19; -2.09
25736859.033000; 2.16; 0.19; -1.97
25774909.417000; 2.17; 0.19; -1.82
25781921.878000; 2.18; 0.19; -1.64
25787671.843000; 2.18; 0.19; -1.61
25802410.031000; 2.19; 0.19; -1.49
25819446.451000; 2.20; 0.19; -1.37
25835219.921000; 2.20; 0.18; -1.25
25850050.420000; 2.21; 0.18; -1.15
25865750.855000; 2.22; 0.18; -1.03
25882304.172000; 2.23; 0.18; -0.90
25896925.596000; 2.24; 0.18; -0.79
25912676.476000; 2.24; 0.18; -0.69
25932281.181000; 2.25; 0.18; -0.54
25945103.295000; 2.26; 0.18; -0.45
25960790.120000; 2.27; 0.18; -0.33
25976920.887000; 2.27; 0.18; -0.22
25998911.362000; 2.29; 0.18; -0.06
26009841.990000; 2.29; 0.18; 0.03
26024890.644000; 2.30; 0.18; 0.14
26040784.671000; 2.31; 0.18; 0.26
26056713.653000; 2.31; 0.18; 0.37
26075371.298000; 2.32; 0.18; 0.51
26090309.689000; 2.33; 0.18; 0.62
26104871.526000; 2.34; 0.18; 0.73
26120711.269000; 2.35; 0.18; 0.84
26136671.554000; 2.35; 0.18; 0.96
26153329.401000; 2.36; 0.18; 1.08
26169445.237000; 2.37; 0.18; 1.20
26185367.610000; 2.38; 0.18; 1.32
26209405.486000; 2.39; 0.19; 1.47
26225548.318000; 2.40; 0.19; 1.61
26235464.718000; 2.40; 0.19; 1.67
26260618.013000; 2.41; 0.19; 1.74
26268391.239000; 2.42; 0.19; 1.93
26281137.999000; 2.43; 0.19; 2.02
26298464.367000; 2.44; 0.19; 2.14
26315692.331000; 2.44; 0.19; 2.28
26330537.880000; 2.45; 0.19; 2.39
26346077.656000; 2.46; 0.19; 2.50
26362247.120000; 2.47; 0.19; 2.61
26378296.405000; 2.48; 0.19; 2.73
26394998.381000; 2.48; 0.19; 2.86
26410843.312000; 2.49; 0.19; 2.97
26426828.884000; 2.50; 0.19; 3.06
26447952.091000; 2.50; 0.19; 3.14
26462840.880000; 2.51; 0.19; 3.30
26473426.233000; 2.52; 0.19; 3.41
26488592.797000; 2.53; 0.19; 3.52
26506702.107000; 2.53; 0.19; 3.54
26522951.517000; 2.53; 0.19; 3.57
26555511.366000; 2.53; 0.19; 3.60
26562302.760000; 2.53; 0.19; 3.62
26568764.287000; 2.53; 0.19; 3.63
26596625.677000; 2.53; 0.19; 3.66
26603536.527000; 2.53; 0.19; 3.68
26619853.280000; 2.53; 0.19; 3.70
26632963.893000; 2.53; 0.19; 3.72
26649369.290000; 2.53; 0.19; 3.74
26666810.620000; 2.53; 0.19; 3.77
26681009.033000; 2.53; 0.19; 3.79
26697401.046000; 2.53; 0.19; 3.81
26714292.872000; 2.54; 0.19; 3.83
26730433.109000; 2.54; 0.19; 3.86
26771379.075000; 2.54; 0.19; 3.89
26777839.586000; 2.54; 0.19; 3.92
26800034.497000; 2.54; 0.19; 3.94
26812060.137000; 2.54; 0.19; 3.97
26827039.463000; 2.54; 0.19; 3.99
26854752.643000; 2.54; 0.19; 4.02
26862613.268000; 2.54; 0.19; 4.04
26879870.975000; 2.54; 0.19; 4.05
26907084.537000; 2.54; 0.19; 4.08
26923213.050000; 2.54; 0.19; 4.12
26939034.297000; 2.54; 0.19; 4.14
26955464.549000; 2.54; 0.19; 4.17
26971660.660000; 2.54; 0.19; 4.19
26990461.877000; 2.54; 0.19; 4.21
27003024.620000; 2.54; 0.19; 4.23
27018838.717000; 2.54; 0.19; 4.26
27037402.461000; 2.54; 0.19; 4.28
27052954.936000; 2.54; 0.19; 4.30
27068483.357000; 2.54; 0.19; 4.32
27084436.946000; 2.54; 0.19; 4.35
27100025.570000; 2.54; 0.19; 4.37
27116273.815000; 2.55; 0.19; 4.39
27132513.758000; 2.55; 0.19; 4.41
27147506.195000; 2.55; 0.19; 4.43
27162845.766000; 2.55; 0.19; 4.45
27179109.165000; 2.55; 0.19; 4.48
27194921.296000; 2.55; 0.19; 4.50
27211018.510000; 2.55; 0.19; 4.52
27226885.070000; 2.55; 0.19; 4.54
27242846.837000; 2.55; 0.19; 4.57
27266463.428000; 2.55; 0.19; 4.60
27275273.147000; 2.55; 0.19; 4.61
27293300.135000; 2.55; 0.19; 4.63
27317039.747000; 2.55; 0.19; 4.67
27335920.964000; 2.55; 0.19; 4.69
27343955.177000; 2.55; 0.19; 4.71
27354833.763000; 2.55; 0.19; 4.72
27371737.914000; 2.55; 0.19; 4.75
27388429.236000; 2.55; 0.19; 4.77
27404438.499000; 2.55; 0.19; 4.79
27421094.469000; 2.55; 0.19; 4.81
27437468.657000; 2.55; 0.19; 4.84
27450838.655000; 2.55; 0.19; 4.85
27467499.973000; 2.55; 0.19; 4.88
27485449.895000; 2.55; 0.19; 4.90
27498860.830000; 2.55; 0.19; 4.91
27516977.157000; 2.55; 0.19; 4.92
27531805.314000; 2.55; 0.19; 4.93
27547432.716000; 2.55; 0.19; 4.94
27563089.311000; 2.55; 0.19; 4.95
27579083.709000; 2.55; 0.19; 4.96
27597032.642000; 2.55; 0.19; 4.97
27611016.106000; 2.55; 0.19; 4.98
27628141.314000; 2.55; 0.19; 4.99
27644999.914000; 2.55; 0.19; 5.00
27660962.537000; 2.55; 0.19; 5.01
27675338.673000; 2.55; 0.19; 5.02
27691469.125000; 2.55; 0.19; 5.03
27707657.478000; 2.55; 0.19; 5.04
27722875.791000; 2.55; 0.19; 5.05
27739511.360000; 2.55; 0.19; 5.06
27755442.735000; 2.55; 0.19; 5.07
27770992.423000; 2.55; 0.19; 5.08
27787051.268000; 2.55; 0.19; 5.08
27802846.501000; 2.55; 0.19; 5.09
27819534.797000; 2.55; 0.19; 5.10
27834990.408000; 2.55; 0.19; 5.11
27851158.069000; 2.55; 0.19; 5.12
27872745.009000; 2.55; 0.19; 5.13
27883845.276000; 2.55; 0.19; 5.14
27898947.413000; 2.55; 0.19; 5.15
27915161.255000; 2.55; 0.19; 5.16
27930833.139000; 2.55; 0.19; 5.17
27948083.407000; 2.55; 0.19; 5.18
27962867.073000; 2.55; 0.19; 5.19
27981630.098000; 2.55; 0.19; 5.20
28001221.485000; 2.55; 0.19; 5.21
28016788.493000; 2.55; 0.19; 5.22
28036867.493000; 2.55; 0.19; 5.23
28045350.722000; 2.55; 0.19; 5.24
28063211.878000; 2.55; 0.19; 5.25
28076994.527000; 2.55; 0.19; 5.26
28091617.892000; 2.55; 0.19; 5.27
28108999.620000; 2.55; 0.19; 5.28
28122897.230000; 2.55; 0.19; 5.28
28149508.748000; 2.55; 0.19; 5.30
28161338.893000; 2.55; 0.19; 5.31
28178491.818000; 2.55; 0.19; 5.32
28194062.787000; 2.55; 0.19; 5.33
28204592.322000; 2.55; 0.19; 5.33
28220107.381000; 2.55; 0.19; 5.34
28235971.219000; 2.55; 0.19; 5.35
28250876.737000; 2.55; 0.19; 5.36
28266850.192000; 2.55; 0.19; 5.37
28283122.896000; 2.54; 0.19; 5.38
28299558.802000; 2.54; 0.19; 5.39
28316067.177000; 2.54; 0.19; 5.40
28337181.267000; 2.54; 0.19; 5.41
28352408.856000; 2.54; 0.19; 5.42
28364548.640000; 2.54; 0.19; 5.43
28380108.545000; 2.54; 0.19; 5.44
28400054.835000; 2.54; 0.19; 5.45
28412023.356000; 2.54; 0.19; 5.45
28427698.703000; 2.54; 0.19; 5.47
28445243.853000; 2.54; 0.19; 5.48
28459289.430000; 2.54; 0.19; 5.48
28475043.453000; 2.54; 0.19; 5.49
28490864.263000; 2.54; 0.19; 5.50
28511019.939000; 2.54; 0.19; 5.49
28523162.371000; 2.54; 0.19; 5.48
28539381.690000; 2.54; 0.19; 5.48
28555054.905000; 2.54; 0.19; 5.47
28571001.682000; 2.54; 0.19; 5.46
28586803.146000; 2.54; 0.19; 5.46
28602977.557000; 2.54; 0.19; 5.45
28618835.652000; 2.54; 0.19; 5.44
28647917.254000; 2.54; 0.19; 5.44
28656841.680000; 2.54; 0.19; 5.43
28672960.115000; 2.54; 0.19; 5.43
28682801.404000; 2.54; 0.19; 5.42
28720939.051000; 2.54; 0.19; 5.41
28727729.178000; 2.54; 0.19; 5.40
28734748.873000; 2.54; 0.19; 5.40
28764236.803000; 2.54; 0.19; 5.39
28777067.675000; 2.54; 0.19; 5.38
28785018.717000; 2.54; 0.19; 5.38
28815869.775000; 2.54; 0.19; 5.37
28821072.876000; 2.54; 0.19; 5.37
28832988.733000; 2.54; 0.19; 5.36
28842952.378000; 2.54; 0.19; 5.36
28871873.782000; 2.54; 0.19; 5.35
28882509.414000; 2.54; 0.19; 5.34
28896964.170000; 2.54; 0.19; 5.34
28927631.413000; 2.54; 0.19; 5.32
28952751.794000; 2.54; 0.19; 5.32
28959842.991000; 2.54; 0.19; 5.31
28976129.596000; 2.54; 0.19; 5.30
28992000.185000; 2.54; 0.19; 5.30
29008746.950000; 2.54; 0.19; 5.29
29025735.491000; 2.54; 0.19; 5.28
29040424.232000; 2.54; 0.19; 5.28
29056239.826000; 2.54; 0.19; 5.27
29089151.268000; 2.54; 0.19; 5.26
29107809.893000; 2.54; 0.19; 5.25
29115276.497000; 2.54; 0.19; 5.25
29122723.892000; 2.54; 0.19; 5.25
29139661.274000; 2.54; 0.19; 5.24
29211409.826000; 2.54; 0.19; 5.23
29220723.638000; 2.54; 0.19; 5.21
29240059.854000; 2.54; 0.19; 5.20
29256791.543000; 2.54; 0.19; 5.19
29274375.402000; 2.54; 0.19; 5.19
29289219.246000; 2.54; 0.19; 5.18
29300329.164000; 2.54; 0.19; 5.17
29319878.963000; 2.54; 0.19; 5.17
29344295.726000; 2.54; 0.19; 5.16
29351748.728000; 2.54; 0.19; 5.15
29364530.858000; 2.54; 0.19; 5.15
29379401.542000; 2.54; 0.19; 5.14
29395862.534000; 2.54; 0.19; 5.14
29411237.567000; 2.54; 0.19; 5.13
29427255.364000; 2.54; 0.19; 5.12
29442496.008000; 2.54; 0.19; 5.12
29461253.558000; 2.54; 0.19; 5.11
29476301.540000; 2.54; 0.19; 5.10
29490241.053000; 2.54; 0.19; 5.10
29506386.518000; 2.54; 0.19; 5.09
29522296.663000; 2.54; 0.19; 5.09
29541148.357000; 2.54; 0.19; 5.08
29559868.888000; 2.54; 0.19; 5.07
29592970.031000; 2.54; 0.19; 5.06
29599820.695000; 2.54; 0.19; 5.06
29606707.503000; 2.54; 0.19; 5.05
29629998.872000; 2.54; 0.19; 5.04
29655967.799000; 2.54; 0.19; 5.04
29663428.099000; 2.54; 0.19; 5.03
29668599.801000; 2.54; 0.19; 5.03
29686853.607000; 2.54; 0.19; 5.02
29701082.009000; 2.54; 0.19; 5.02
29714658.717000; 2.54; 0.19; 5.01
29741192.269000; 2.54; 0.19; 5.01
29747808.429000; 2.54; 0.19; 5.00
29800002.142000; 2.54; 0.19; 4.98
29821461.833000; 2.54; 0.19; 4.97
29829295.018000; 2.54; 0.19; 4.97
29845371.068000; 2.54; 0.19; 4.96
29862585.738000; 2.54; 0.19; 4.95
29878694.607000; 2.54; 0.19; 4.95
29894715.198000; 2.54; 0.19; 4.94
29911730.957000; 2.54; 0.19; 4.93
29925049.161000; 2.54; 0.19; 4.93
29943783.872000; 2.54; 0.19; 4.92
29956533.914000; 2.54; 0.19; 4.91
29977196.405000; 2.54; 0.19; 4.91
29989764.918000; 2.54; 0.19; 4.90
30005351.495000; 2.54; 0.19; 4.90
30020191.835000; 2.54; 0.19; 4.89
30044368.888000; 2.54; 0.19; 4.89
30052150.960000; 2.54; 0.19; 4.88
30068230.213000; 2.54; 0.19; 4.87
30085396.680000; 2.54; 0.19; 4.86
30100879.027000; 2.54; 0.19; 4.86
30116362.715000; 2.54; 0.19; 4.85
30133334.966000; 2.54; 0.19; 4.84
30156772.599000; 2.54; 0.19; 4.84
30181044.055000; 2.54; 0.19; 4.83
30187869.480000; 2.54; 0.19; 4.82
30196346.540000; 2.54; 0.19; 4.82
30212196.669000; 2.54; 0.19; 4.81
30228594.584000; 2.54; 0.19; 4.81
30246346.550000; 2.54; 0.19; 4.80
30261323.814000; 2.54; 0.19; 4.79
30279879.865000; 2.54; 0.19; 4.79
30362870.212000; 2.54; 0.19; 4.76
30368228.243000; 2.54; 0.19; 4.75
30406347.200000; 2.54; 0.19; 4.75
30422880.105000; 2.54; 0.19; 4.73
30438863.249000; 2.54; 0.19; 4.72
30454435.728000; 2.54; 0.19; 4.72
30474596.521000; 2.54; 0.19; 4.71
30495408.461000; 2.54; 0.19; 4.71
30503489.812000; 2.54; 0.19; 4.71
30519380.611000; 2.54; 0.19; 4.71
30534124.629000; 2.54; 0.19; 4.71
30549996.774000; 2.54; 0.19; 4.71
30566208.813000; 2.54; 0.19; 4.71
30582876.537000; 2.54; 0.19; 4.71
30598281.615000; 2.54; 0.19; 4.71
30623077.486000; 2.54; 0.19; 4.71
30636941.847000; 2.54; 0.19; 4.71
30645992.383000; 2.54; 0.19; 4.71
30662046.212000; 2.54; 0.19; 4.71
30678092.644000; 2.54; 0.19; 4.71
30695008.574000; 2.54; 0.19; 4.71
30711929.745000; 2.54; 0.19; 4.71
30728926.695000; 2.54; 0.19; 4.71
30742047.972000; 2.54; 0.19; 4.71
30758161.952000; 2.54; 0.19; 4.71
30774324.684000; 2.54; 0.19; 4.71
30790047.932000; 2.54; 0.19; 4.71
30806082.343000; 2.54; 0.19; 4.71
30825139.785000; 2.54; 0.19; 4.71
30844948.160000; 2.54; 0.19; 4.71
30854474.710000; 2.54; 0.19; 4.71
30870068.024000; 2.54; 0.19; 4.71
30886123.089000; 2.54; 0.19; 4.71
30908991.582000; 2.54; 0.19; 4.71
30923474.554000; 2.54; 0.19; 4.71
30934026.356000; 2.54; 0.19; 4.71
30955632.769000; 2.54; 0.19; 4.71
30966030.072000; 2.54; 0.19; 4.71
30982053.604000; 2.54; 0.19; 4.71
30998077.152000; 2.54; 0.19; 4.71
31016842.896000; 2.54; 0.19; 4.71
31033151.823000; 2.54; 0.19; 4.71
31062487.238000; 2.54; 0.19; 4.71
31072972.812000; 2.54; 0.19; 4.71
31080011.996000; 2.54; 0.19; 4.71
31097380.778000; 2.54; 0.19; 4.71
31110064.645000; 2.54; 0.19; 4.71
31126102.564000; 2.54; 0.19; 4.71
31142206.261000; 2.54; 0.19; 4.71
31159949.849000; 2.54; 0.19; 4.71
31175630.478000; 2.54; 0.19; 4.71
31192021.180000; 2.54; 0.19; 4.71
31206850.760000; 2.54; 0.19; 4.71
31222921.629000; 2.54; 0.19; 4.71
31257143.423000; 2.54; 0.19; 4.71
31264511.123000; 2.54; 0.19; 4.71
31271436.328000; 2.54; 0.19; 4.71
31287442.638000; 2.54; 0.19; 4.71
31307490.620000; 2.54; 0.19; 4.71
31337092.062000; 2.54; 0.19; 4.71
31345993.421000; 2.54; 0.19; 4.71
31354403.842000; 2.54; 0.19; 4.71
31367945.971000; 2.54; 0.19; 4.71
31383040.265000; 2.54; 0.19; 4.71
31399346.654000; 2.54; 0.19; 4.71
31415576.618000; 2.54; 0.19; 4.71
31431003.211000; 2.54; 0.19; 4.71
31447124.974000; 2.54; 0.19; 4.71
31464558.062000; 2.54; 0.19; 4.71
31479421.577000; 2.54; 0.19; 4.71
31496469.978000; 2.54; 0.19; 4.71
31511978.160000; 2.54; 0.19; 4.71
31527053.348000; 2.54; 0.19; 4.71
31542054.359000; 2.54; 0.19; 4.71
31560609.558000; 2.54; 0.19; 4.71
31577458.287000; 2.54; 0.19; 4.71
31593485.578000; 2.54; 0.19; 4.71
31611067.702000; 2.54; 0.19; 4.71
31624033.725000; 2.54; 0.19; 4.71
31638355.277000; 2.54; 0.19; 4.71
31654426.259000; 2.54; 0.19; 4.71
31670933.895000; 2.54; 0.19; 4.71
31687474.399000; 2.54; 0.19; 4.71
31702994.224000; 2.54; 0.19; 4.71
31719094.993000; 2.54; 0.19; 4.71
31734241.396000; 2.54; 0.19; 4.71
31753068.526000; 2.54; 0.19; 4.71
31766328.731000; 2.54; 0.19; 4.71
31782174.131000; 2.54; 0.19; 4.71
31798392.468000; 2.54; 0.19; 4.71
31814957.069000; 2.54; 0.19; 4.71
31830296.399000; 2.54; 0.19; 4.71
31852534.438000; 2.54; 0.19; 4.71
31865500.261000; 2.54; 0.19; 4.71
31878306.051000; 2.54; 0.19; 4.71
31894081.432000; 2.54; 0.19; 4.71
31910059.188000; 2.54; 0.19; 4.71
31926304.245000; 2.54; 0.19; 4.71
31942119.596000; 2.54; 0.19; 4.71
31958503.031000; 2.54; 0.19; 4.71
31989745.599000; 2.54; 0.19; 4.71
31997001.515000; 2.54; 0.19; 4.71
32026267.221000; 2.54; 0.19; 4.71
32037256.946000; 2.54; 0.19; 4.71
32050596.770000; 2.54; 0.19; 4.71
32055540.599000; 2.54; 0.19; 4.71
32088259.562000; 2.54; 0.19; 4.71
32095597.037000; 2.54; 0.19; 4.71
32112598.772000; 2.54; 0.19; 4.71
32121344.040000; 2.54; 0.19; 4.71
32142868.299000; 2.54; 0.19; 4.71
32150046.054000; 2.54; 0.19; 4.71
32175704.920000; 2.54; 0.19; 4.71
32182078.539000; 2.54; 0.19; 4.71
32198102.431000; 2.54; 0.19; 4.71
32215953.629000; 2.54; 0.19; 4.71
32231547.017000; 2.54; 0.19; 4.71
32255431.872000; 2.54; 0.19; 4.71
32267012.964000; 2.54; 0.19; 4.71
32287074.645000; 2.54; 0.19; 4.71
32294124.011000; 2.54; 0.19; 4.71
32311137.664000; 2.54; 0.19; 4.71
32328362.103000; 2.54; 0.19; 4.71
32343545.065000; 2.54; 0.19; 4.71
32359452.870000; 2.54; 0.19; 4.71
32374466.594000; 2.54; 0.19; 4.71
32406584.271000; 2.54; 0.19; 4.71
32413629.370000; 2.54; 0.19; 4.71
32449519.088000; 2.54; 0.19; 4.71
32455010.065000; 2.54; 0.19; 4.71
32471294.830000; 2.54; 0.19; 4.71
32486860.901000; 2.54; 0.19; 4.71
32503098.632000; 2.54; 0.19; 4.71
32519102.933000; 2.54; 0.19; 4.71
32535149.531000; 2.54; 0.19; 4.71
32581100.983000; 2.54; 0.19; 4.71
32588683.671000; 2.54; 0.19; 4.71
32606779.839000; 2.54; 0.19; 4.71
32620453.938000; 2.54; 0.19; 4.71
32634902.134000; 2.54; 0.19; 4.71
32652713.224000; 2.54; 0.19; 4.71
32668150.505000; 2.54; 0.19; 4.71
32685780.427000; 2.54; 0.19; 4.71
32699509.955000; 2.54; 0.19; 4.71
32714649.645000; 2.54; 0.19; 4.71
32732169.583000; 2.54; 0.19; 4.71
32748959.490000; 2.54; 0.19; 4.71
32763777.546000; 2.54; 0.19; 4.71
32779480.313000; 2.54; 0.19; 4.71
32796200.861000; 2.54; 0.19; 4.71
32813247.605000; 2.54; 0.19; 4.71
32826910.200000; 2.54; 0.19; 4.71
32842769.774000; 2.54; 0.19; 4.71
32860527.251000; 2.54; 0.19; 4.71
32877069.573000; 2.54; 0.19; 4.71
32890997.375000; 2.54; 0.19; 4.71
32911997.555000; 2.54; 0.19; 4.71
32935566.913000; 2.54; 0.19; 4.71
32948782.111000; 2.54; 0.19; 4.71
32969769.116000; 2.54; 0.19; 4.71
32977704.011000; 2.54; 0.19; 4.71
33007794.325000; 2.54; 0.19; 4.71
33015785.824000; 2.54; 0.19; 4.71
33023157.643000; 2.54; 0.19; 4.71
33036213.404000; 2.54; 0.19; 4.71
33077097.238000; 2.54; 0.19; 4.71
33160196.614000; 2.54; 0.19; 4.71
33167365.786000; 2.54; 0.19; 4.71
33182212.304000; 2.54; 0.19; 4.71
33198336.449000; 2.54; 0.19; 4.71
33216676.580000; 2.54; 0.19; 4.71
33230701.196000; 2.54; 0.19; 4.71
33246227.411000; 2.54; 0.19; 4.71
33264671.950000; 2.54; 0.19; 4.71
33279527.957000; 2.54; 0.19; 4.71
33294747.955000; 2.54; 0.19; 4.71
33312679.789000; 2.54; 0.19; 4.71
33327661.852000; 2.54; 0.19; 4.71
33343309.061000; 2.54; 0.19; 4.71
33358228.711000; 2.54; 0.19; 4.71
33374237.846000; 2.54; 0.19; 4.71
33390234.608000; 2.54; 0.19; 4.71
33406474.720000; 2.54; 0.19; 4.71
33422309.730000; 2.54; 0.19; 4.71
33438957.890000; 2.54; 0.19; 4.71
33464727.880000; 2.54; 0.19; 4.71
33487777.870000; 2.54; 0.19; 4.71
33497345.137000; 2.54; 0.19; 4.71
33503801.611000; 2.54; 0.19; 4.71
33519274.894000; 2.54; 0.19; 4.71
33535702.666000; 2.54; 0.19; 4.71
33551231.211000; 2.54; 0.19; 4.71
33569675.243000; 2.54; 0.19; 4.71
33582217.334000; 2.54; 0.19; 4.71
33600406.689000; 2.54; 0.19; 4.71
33616912.945000; 2.54; 0.19; 4.71
33630241.951000; 2.54; 0.19; 4.71
33646197.253000; 2.54; 0.19; 4.71
33665221.759000; 2.54; 0.19; 4.71
33680228.482000; 2.54; 0.19; 4.71
33696214.751000; 2.54; 0.19; 4.71
33718866.602000; 2.54; 0.19; 4.71
33733896.703000; 2.54; 0.19; 4.71
